8
40
0.7999999999999999
6
13
1
0
9
8
7
2
7
4
1
2
5
27
7
22
4
2
6
3
20
4
22
2
1
6
0
8
3
8
3
7
0
4
3
8
17
9
3
9
38
1
6
30
24
22
5
5
26
6
2
3
0
0
9
0
1
9
33
3
6
19
0
2
19
35
8
6
5
9
5
5
0
6
22
9
32
2
7
3
15
6
2
5
1
6
9
0
14
8
2
3
28
8
30
0
7
27
3
5
2
9
2
5
9
1
2
9
3
9
8
5
4
6
3
5
2
31
3
21
7
6
2
4
6
5
1
3
9
6
2
6
13
1
1
1
4
3
4
39
2
1
1
13
27
6
1
6
13
2
0
5
2
1
0
1
8
15
10
0
6
4
9
37
6
4
3
8
6
2
0
0
12
2
16
6
3
7
0
8
6
9
0
32
5
9
10
29
17
9
13
7
1
1
14
2
9
0
9
4
4
7
8
4
4
3
5
2
5
5
9
35
9
0
3
39
19
2
8
0
6
4
1
37
0
2
5
5
7
30
8
3
3
7
2
5
8
4
8
7
0
0
6
17
1
7
2
31
6
3
3
26
1
2
4
9
23
1
24
34
21
2
6
2
6
1
5
0
28
3
9
1
3
4
29
2
29
34
1
23
5
0
32
9
14
1
7
8
7
9
2
11
0
4
6
4
9
0
9
23
2
37
0
7
0
7
3
14
11
7
6
15
7
0
4
2
8
35
38
38
12
22
35
4
29
23
6
9
3
22
20
10
2
6
14
37
9
2
0
7
2
9
5
39
4
9
6
3
6
5
3
11
9
9
1
16
7
0
5
37
9
5
5
32
8
1
0
1
5
5
7
13
4
27
9
4
11
3
1
2
6
24
0
3
2
8
0
35
35
3
6
25
2
8
2
4
6
12
3
2
7
3
4
9
1
7
2
21
26
5
1
8
6
1
1
5
9
1
2
8
17
4
4
2
13
9
1
6
3
0
4
3
17
2
2
1
13
22
2
14
8
12
3
3
9
3
3
0
0
0
23
12
0
9
8
6
7
5
9
36
24
5
4
7
1
1
0
2
6
4
8
3
33
2
7
37
19
17
3
5
31
0
3
27
4
12
1
4
33
35
2
26
1
3
5
1
5
9
7
20
4
6
7
2
0
24
1
39
4
14
6
26
4
39
6
35
3
8
0
4
2
14
6
8
2
3
7
5
7
31
3
0
5
9
5
3
2
2
6
10
7
0
9
0
5
25
17
3
8
13
5
1
34
17
9
9
2
3
1
4
3
9
9
3
6
0
8
0
1
12
15
35
1
9
4
8
0
3
36
3
6
3
2
9
22
0
9
1
6
5
4
8
1
38
8
1
29
9
2
8
3
6
8
4
4
6
7
2
9
9
26
12
0
0
18
6
6
1
7
5
3
3
32
6
3
34
1
34
21
6
1
3
28
8
0
1
4
18
1
3
7
1
4
4
35
2
1
3
5
2
2
5
3
1
0
0
2
4
4
5
9
1
5
1
7
5
2
21
4
22
3
0
37
5
9
6
3
2
14
8
38
6
9
19
2
9
19
1
30
4
20
9
2
7
7
0
5
1
9
2
34
1
9
36
36
0
3
4
7
9
8
37
14
2
1
2
0
6
7
8
8
27
8
31
6
38
7
1
1
35
1
0
7
2
4
4
8
4
7
9
3
3
7
0
15
1
9
1
8
7
6
4
2
0
9
0
2
2
4
27
34
6
0
4
4
9
8
9
39
9
8
0
9
17
8
13
31
2
0
23
5
0
3
1
9
4
2
1
0
5
0
9
8
3
0
4
8
3
2
28
4
8
3
0
2
8
7
27
14
39
1
2
2
7
28
5
4
9
4
33
4
9
6
7
9
4
9
8
2
6
7
3
2
6
30
8
2
8
0
17
6
2
32
29
6
4
2
1
7
10
6
38
8
0
0
2
1
6
37
5
6
5
8
3
6
0
0
9
4
4
7
7
1
7
0
1
1
13
3
6
4
7
24
1
2
3
33
6
4
1
5
4
1
5
4
4
8
2
8
6
3
6
9
1
3
28
4
2
3
3
3
1
5
34
7
1
6
2
18
33
5
3
6
3
0
33
4
7
11
19
9
32
8
8
3
2
9
10
0
1
9
1
9
11
8
4
35
3
7
0
6
29
2
5
37
20
6
23
2
0
7
1
8
9
5
3
5
3
3
5
1
13
6
0
17
7
6
3
28
4
21
9
39
9
38
9
0
5
5
10
7
5
4
8
16
5
9
9
0
5
