8
100
0.6
22
21
23
16
18
45
22
3
21
76
68
1
51
94
2
21
38
67
19
7
21
88
6
29
17
17
40
8
3
17
5
85
14
3
42
6
74
15
6
40
68
1
5
72
96
22
19
69
73
14
14
8
23
22
35
45
12
35
59
66
45
10
4
17
40
84
9
32
5
12
0
8
39
96
5
0
18
73
16
98
91
19
52
14
0
9
60
61
94
11
4
51
9
8
92
47
0
91
67
17
7
71
0
49
54
34
20
64
35
79
91
9
81
65
17
9
95
15
45
3
99
13
84
78
78
17
22
86
9
29
21
61
23
61
28
1
49
67
19
30
14
12
21
14
95
20
7
12
8
81
21
10
92
10
10
19
7
11
28
10
4
16
73
86
21
8
13
72
3
52
18
48
1
34
76
89
62
8
51
3
8
17
8
32
15
7
11
96
12
12
5
5
12
74
5
30
23
7
0
55
12
21
22
15
16
70
14
24
10
56
8
29
28
43
43
20
8
71
29
21
11
10
18
50
31
87
7
14
90
46
63
24
1
70
71
3
1
19
14
3
1
4
10
12
0
24
91
23
4
29
18
10
85
19
97
95
21
17
13
18
13
3
47
6
4
55
77
20
3
9
0
43
19
66
20
5
23
11
26
14
12
13
90
20
0
30
19
43
65
11
28
26
17
14
46
55
6
52
2
10
10
32
23
15
12
4
80
75
23
36
8
21
15
10
4
75
1
73
31
15
0
7
0
99
8
49
69
1
7
23
12
66
14
13
86
7
1
14
60
86
7
60
28
68
5
40
44
22
20
89
62
10
0
36
4
8
55
27
1
3
13
93
71
19
4
45
97
97
22
38
5
49
98
20
47
66
94
23
5
21
79
31
17
9
15
20
6
23
4
9
89
0
23
58
0
11
23
24
30
92
68
5
60
12
24
16
20
13
90
25
4
51
6
17
0
5
17
1
16
20
21
2
89
67
74
4
57
2
11
7
20
4
44
23
16
55
2
63
8
3
4
5
15
15
11
38
30
98
66
66
23
46
2
94
50
0
16
33
9
24
13
23
6
13
6
12
66
20
7
23
6
3
11
21
39
9
11
29
33
23
56
24
45
90
15
20
55
6
35
20
76
62
27
89
13
64
13
1
92
6
43
72
29
37
62
76
1
96
0
0
76
78
23
23
28
10
12
82
14
15
5
8
99
3
1
25
6
12
8
19
92
4
0
11
93
0
13
30
63
39
2
22
3
2
19
42
10
1
28
97
46
27
48
5
51
9
18
65
3
74
15
23
18
16
9
62
36
14
32
21
11
63
7
18
3
10
1
13
82
7
0
20
10
0
19
78
16
21
15
90
10
0
69
84
35
21
12
23
21
19
42
64
23
0
63
81
5
4
25
85
47
25
7
23
88
19
8
13
47
8
5
15
64
60
8
85
22
16
57
47
49
81
44
35
17
52
8
11
43
11
9
97
13
62
11
5
24
36
83
1
13
79
75
72
11
23
40
13
10
24
71
51
16
20
40
11
19
0
17
71
29
16
1
41
20
12
5
84
42
74
6
59
40
40
1
3
12
38
61
18
4
17
10
4
49
13
8
23
93
2
7
51
22
19
14
22
23
42
25
4
74
68
0
11
2
33
2
15
63
0
85
10
9
71
17
37
13
15
17
16
3
10
45
1
1
41
72
69
71
10
59
38
53
95
20
68
15
33
15
95
18
47
84
18
7
72
7
2
23
4
80
66
6
18
64
15
6
95
14
3
95
8
0
1
38
14
13
32
5
33
32
54
36
21
12
3
0
15
14
4
1
63
15
46
12
10
59
39
49
12
27
15
1
19
56
60
0
35
74
32
24
54
5
74
97
16
23
11
22
72
28
0
23
8
96
8
97
89
54
60
14
97
9
65
14
5
38
60
13
2
85
60
1
67
8
91
8
19
18
19
25
18
17
16
13
19
46
26
34
4
3
14
13
36
8
15
5
17
41
72
15
22
6
24
59
72
2
17
17
10
66
68
18
6
77
17
46
5
14
13
10
64
12
3
8
60
7
31
40
24
51
28
24
20
65
41
5
0
20
42
59
97
68
78
49
72
90
42
17
69
18
24
84
22
21
8
4
0
5
60
23
11
85
7
66
30
90
20
5
74
45
4
55
25
5
61
10
12
5
92
20
45
4
10
34
7
67
93
1
16
85
87
53
45
18
72
3
24
84
6
14
90
23
88
49
9
55
16
63
80
12
23
21
3
11
19
92
17
78
4
41
93
40
72
79
51
20
20
90
17
