8
40
0.8999999999999999
8
32
6
0
4
2
29
2
0
0
4
9
0
1
1
6
3
8
25
2
17
5
9
3
8
33
5
8
3
3
1
6
9
7
1
9
4
25
0
8
5
6
2
25
2
6
0
2
4
7
3
9
7
0
24
8
37
8
7
5
4
6
2
4
7
8
4
7
0
2
7
1
8
0
4
7
5
7
3
32
12
8
0
2
1
4
3
3
8
5
2
7
2
1
6
0
6
7
3
1
9
5
4
2
9
7
0
5
4
6
9
7
3
9
7
1
31
6
1
4
0
6
3
8
5
8
5
7
9
3
9
1
8
1
5
7
8
1
9
8
5
6
6
4
9
4
3
6
2
3
8
11
3
7
7
7
5
3
2
4
8
3
1
6
1
4
34
27
4
3
21
8
4
1
2
28
16
5
2
6
7
4
1
2
36
6
8
8
0
5
1
3
0
5
6
5
2
8
6
3
2
2
4
6
9
33
5
6
39
1
31
5
5
7
1
3
9
9
9
6
4
8
8
9
0
4
5
12
20
18
9
0
9
7
9
1
8
1
7
7
8
6
6
9
22
2
6
0
5
8
8
6
37
8
6
20
4
7
1
3
4
7
4
20
36
27
4
9
19
3
9
5
9
6
6
1
5
7
0
2
8
3
3
4
1
0
4
9
4
15
0
7
7
8
4
5
4
2
3
2
5
23
20
7
2
1
3
4
6
5
6
6
7
33
9
6
6
9
2
8
9
5
1
8
0
3
8
5
0
5
7
5
11
9
6
6
23
1
9
1
8
31
1
30
20
27
9
9
7
1
0
5
25
5
6
6
5
6
2
8
9
8
6
7
5
6
4
4
8
6
7
4
30
9
0
8
4
6
5
1
3
1
2
0
7
4
14
9
2
3
2
8
7
8
9
8
0
6
9
9
7
3
6
7
4
6
8
6
4
8
9
4
3
7
5
2
29
1
8
19
2
8
1
4
7
1
5
7
9
2
2
16
0
8
8
1
0
8
6
4
2
7
0
6
2
6
9
3
6
1
38
3
8
6
7
4
6
4
2
3
9
4
1
7
34
9
0
3
6
7
3
8
1
8
0
5
7
0
6
4
2
0
29
2
2
2
2
22
1
6
6
4
1
4
6
3
7
2
4
6
4
8
7
2
6
4
31
5
2
9
4
1
7
7
1
1
10
3
2
7
0
7
6
9
0
0
0
5
5
4
8
0
2
9
8
3
3
8
2
7
0
9
4
9
6
2
6
2
8
4
4
6
5
29
9
7
6
4
14
1
8
2
2
1
2
2
0
8
8
11
6
3
26
23
1
10
0
1
4
5
7
6
5
4
8
9
4
8
4
3
2
4
3
6
7
1
7
4
0
7
5
4
1
9
0
6
4
3
18
1
9
9
34
7
1
8
5
0
1
2
2
0
1
4
7
2
25
20
6
4
4
0
3
9
38
4
8
6
9
5
5
4
7
7
4
13
8
1
4
9
1
3
7
4
9
7
27
3
9
4
7
8
9
1
3
8
5
4
4
1
29
5
4
7
2
8
5
0
2
2
7
7
7
4
8
11
27
3
7
2
5
2
6
6
2
23
1
3
5
5
2
1
1
6
0
0
5
4
0
4
2
2
9
8
3
2
3
9
3
0
2
3
9
2
5
3
9
9
2
8
7
1
9
0
5
3
4
9
6
6
6
0
5
0
0
0
6
25
4
9
2
3
8
3
1
7
0
1
1
7
2
7
2
1
2
6
6
9
8
3
7
1
2
3
1
8
1
7
6
26
2
7
9
4
9
2
3
0
2
6
7
4
5
6
4
7
1
3
9
9
6
9
7
2
9
0
0
8
2
3
27
5
4
2
28
2
9
4
0
3
3
1
0
6
4
21
8
8
8
8
5
5
6
9
18
7
8
1
7
5
4
1
0
25
3
8
3
3
3
5
1
8
5
5
3
9
3
0
6
1
6
7
3
2
4
8
7
7
14
0
6
3
4
6
9
4
1
0
7
3
2
4
8
8
1
6
3
7
5
7
0
4
4
6
9
4
5
3
7
3
7
8
25
1
6
0
5
8
8
8
4
4
6
6
7
2
3
6
0
4
6
2
8
36
0
3
28
7
1
3
4
1
0
9
5
32
7
7
5
28
2
4
6
9
2
9
7
6
24
8
6
5
9
1
2
6
8
8
6
8
3
6
2
9
0
1
10
5
3
2
2
2
39
5
4
8
7
7
21
0
0
8
6
4
3
38
9
13
5
1
9
28
0
5
0
0
3
9
7
0
