16
40
0.2
3
12
1
0
25
8
37
12
30
7
6
26
25
5
9
13
27
25
10
28
19
28
30
22
5
16
13
18
4
15
11
15
22
35
29
33
22
3
27
27
8
9
18
6
16
32
28
39
17
39
32
17
10
3
19
38
12
14
2
2
13
32
6
3
10
32
6
19
15
17
16
8
35
8
17
15
25
33
23
1
32
33
39
24
38
9
6
20
19
15
5
37
17
8
6
26
23
17
35
8
32
18
29
24
5
32
10
27
11
8
25
36
14
34
2
17
11
6
13
7
19
28
14
21
2
18
31
6
14
18
6
14
15
7
6
32
38
33
17
23
11
21
30
10
35
35
30
16
28
38
15
13
33
38
13
33
24
21
16
15
16
17
7
32
2
24
25
32
0
26
22
27
13
10
15
21
17
28
28
31
36
15
20
17
24
37
13
26
33
18
27
29
39
0
35
34
28
5
21
24
15
28
16
38
26
27
39
27
17
36
0
34
24
31
34
32
34
23
7
17
12
36
8
19
23
39
14
17
10
35
37
7
3
15
15
34
11
19
27
11
30
22
10
19
38
37
13
16
18
8
4
8
38
9
19
21
39
12
30
8
0
5
37
19
14
19
15
30
13
30
19
2
39
13
5
8
20
18
26
39
13
32
23
22
9
35
31
37
31
35
0
10
19
7
5
33
11
37
10
23
6
24
39
22
29
9
30
32
32
3
34
25
30
12
34
5
24
1
15
39
13
23
36
13
5
30
21
34
11
31
33
16
22
9
2
9
33
37
4
21
7
9
20
14
1
1
32
12
36
39
27
30
26
29
20
22
2
31
17
9
12
23
30
6
30
29
27
13
6
19
13
35
1
32
11
2
39
32
15
2
21
28
10
11
33
37
29
38
25
5
21
37
29
29
17
25
30
6
14
2
11
27
34
16
0
9
33
15
18
11
16
30
21
14
20
15
4
21
32
7
11
8
28
21
3
38
0
21
14
24
35
7
14
3
12
5
0
32
33
25
29
33
8
27
11
33
35
2
31
10
28
37
12
36
10
0
16
36
19
10
34
12
7
11
32
6
18
30
18
33
2
33
25
13
1
25
36
27
29
30
7
22
11
17
32
6
22
38
29
10
13
34
12
12
20
36
9
4
21
31
38
35
0
32
28
34
3
27
16
34
17
34
1
13
36
36
6
0
9
0
26
10
3
6
19
25
26
38
6
24
1
29
13
13
39
17
30
14
7
23
31
30
12
17
30
3
9
7
22
7
4
26
12
29
34
37
28
1
34
18
11
23
1
5
1
11
4
21
38
12
6
20
38
28
11
36
29
22
10
1
15
20
17
39
11
31
1
31
17
1
33
10
13
30
28
29
0
26
35
23
25
14
36
14
39
13
12
32
25
17
9
1
15
20
23
38
27
18
17
30
12
30
0
6
21
33
28
15
21
38
22
11
12
26
12
2
7
35
27
14
3
8
9
16
14
11
5
24
27
24
23
13
18
19
15
33
1
35
17
31
21
38
24
10
21
17
22
38
30
32
10
32
19
18
35
38
0
37
14
33
16
33
26
10
33
4
38
5
3
22
3
35
30
8
11
27
31
36
13
38
18
37
24
24
25
20
13
13
21
2
13
25
5
33
0
12
31
1
14
20
26
27
6
25
9
17
21
16
26
35
37
36
29
32
1
29
13
0
11
31
10
19
22
29
12
23
37
34
15
23
6
8
1
38
8
36
14
26
4
35
8
3
30
14
34
38
32
10
14
21
4
11
3
7
25
25
11
10
33
22
4
10
32
20
26
29
35
21
21
25
6
36
10
23
34
33
27
26
4
29
35
22
11
7
13
35
38
9
2
11
7
9
35
21
25
3
5
24
15
7
15
5
13
10
8
39
9
35
34
36
35
15
4
20
16
6
8
21
37
2
25
25
31
18
39
0
28
38
17
33
33
11
14
36
20
26
5
7
3
1
12
31
39
29
22
26
18
14
19
12
6
12
39
32
16
16
4
18
32
32
2
29
19
35
4
12
32
18
1
24
5
3
13
17
27
30
14
26
16
36
16
36
9
34
39
5
6
21
3
23
1
34
20
34
37
10
19
29
1
23
9
7
6
11
24
1
29
21
25
39
12
38
27
39
14
17
21
12
37
22
8
33
9
35
12
31
25
8
32
31
17
39
34
1
17
38
37
25
13
24
3
37
29
9
19
32
38
8
12
16
38
35
3
24
13
14
1
27
25
18
33
2
23
21
19
20
27
25
0
9
15
19
36
24
34
37
35
37
22
29
