8
120
0.6
84
0
5
16
22
2
14
43
12
14
82
16
91
5
15
16
16
42
19
45
12
36
17
47
16
26
108
11
22
51
24
17
28
18
10
41
73
13
4
22
38
20
80
68
15
44
24
70
85
72
13
100
75
49
13
91
64
44
27
27
95
1
71
29
11
87
48
84
62
3
6
111
86
19
107
44
1
35
11
65
12
26
18
21
30
27
25
12
61
15
21
53
1
118
6
10
96
90
7
85
17
29
17
93
28
50
28
28
7
23
31
78
26
16
1
8
19
5
51
57
17
20
69
21
90
83
118
57
27
14
112
12
24
22
25
87
8
28
24
9
67
28
11
92
19
97
109
28
71
23
27
4
8
30
39
66
18
4
22
85
43
111
42
26
101
97
20
85
94
117
85
10
92
0
60
10
15
29
27
61
6
8
89
96
59
13
2
14
19
95
27
7
22
0
24
21
98
7
74
0
94
4
1
13
23
4
85
21
3
25
56
11
30
34
3
23
19
96
16
118
19
5
4
12
16
1
11
53
34
7
26
20
86
32
30
86
50
14
7
21
10
50
25
40
104
8
12
1
106
54
52
33
58
9
16
16
9
73
59
18
19
19
6
118
7
26
36
9
47
109
6
4
109
48
25
0
0
38
102
8
24
6
22
22
81
20
13
12
17
34
20
22
90
53
2
107
58
23
32
18
23
49
100
14
100
5
8
22
25
14
28
9
2
16
5
61
44
108
106
41
24
100
18
12
111
100
28
104
39
83
12
37
96
6
8
39
29
104
84
11
32
60
18
3
13
31
18
40
42
62
28
2
6
33
117
45
10
26
17
29
26
31
35
29
103
88
13
8
23
47
5
9
49
85
7
22
18
7
21
74
67
85
21
41
48
16
22
17
22
6
18
42
14
17
17
48
14
5
32
5
15
91
23
13
87
6
9
12
69
23
54
2
9
3
8
72
103
66
20
0
43
13
36
91
108
23
117
58
7
18
9
107
27
2
6
29
15
1
36
15
97
0
82
19
1
62
94
24
64
42
94
27
63
9
28
100
17
29
1
83
14
20
20
10
96
92
92
21
19
4
25
95
22
8
3
50
59
28
59
9
118
21
79
82
16
84
20
59
8
15
39
34
17
9
1
97
8
5
17
26
115
18
101
111
78
113
36
3
102
17
9
20
0
17
50
13
99
6
93
28
12
22
8
14
24
75
15
2
27
22
93
47
115
20
54
7
19
9
23
25
20
38
7
2
19
98
18
108
12
49
116
43
78
0
7
14
96
12
23
14
81
5
2
34
63
94
71
7
19
23
58
58
46
70
20
10
16
21
115
12
108
24
14
5
1
92
20
14
19
10
103
4
62
22
58
60
18
56
25
21
16
24
33
99
3
25
16
26
3
77
10
88
115
14
25
5
15
9
22
98
49
111
7
73
1
9
5
18
8
6
24
27
14
112
3
24
69
21
24
20
59
113
61
60
14
105
104
6
13
70
20
16
0
105
28
112
77
13
4
3
98
15
0
12
3
99
119
73
91
21
118
74
118
7
73
66
99
24
98
7
81
108
61
28
29
6
18
43
15
53
26
21
22
16
5
10
45
51
0
53
17
23
78
20
71
72
98
28
7
20
5
47
80
15
20
36
1
13
8
1
27
19
109
0
22
27
11
47
2
9
113
2
18
8
17
12
4
9
6
64
26
29
67
117
71
14
56
29
16
6
22
100
12
4
25
11
84
87
20
0
14
53
60
69
12
24
11
81
112
7
64
54
23
18
28
15
7
43
0
97
26
17
54
21
33
2
10
28
32
35
88
12
16
83
10
8
71
11
95
24
24
66
29
17
91
28
35
24
11
6
59
80
27
1
28
84
91
78
54
92
5
29
28
15
109
38
32
51
13
71
93
20
13
105
7
76
76
89
10
113
10
16
31
19
85
79
61
74
81
13
68
12
4
17
22
2
21
26
118
68
0
112
0
15
83
10
19
21
27
29
8
0
1
15
19
64
81
12
1
24
26
16
0
22
14
16
66
13
17
12
25
20
30
42
20
18
90
18
52
4
23
80
88
12
84
94
33
7
12
16
1
11
49
12
4
9
102
2
24
19
28
16
104
70
8
29
66
2
60
46
11
7
97
18
4
18
81
6
27
28
79
9
14
14
42
18
74
84
6
109
2
12
14
15
52
27
2
26
52
1
118
17
41
26
23
26
112
10
21
13
10
62
70
19
27
24
21
86
19
3
109
6
0
47
107
30
36
112
18
23
37
19
7
6
23
68
93
20
1
75
