8
40
0.2
39
17
32
37
5
32
4
3
17
11
24
2
36
39
17
8
21
15
4
11
38
15
25
34
21
39
10
19
31
8
6
23
20
1
33
23
34
19
28
33
34
18
32
35
11
17
10
15
34
31
16
26
13
39
27
27
39
13
20
34
11
20
7
12
11
15
14
28
13
11
15
37
26
20
29
1
18
33
38
21
11
29
34
22
18
7
14
19
13
12
30
27
37
9
20
3
18
8
8
6
24
10
36
9
32
36
25
19
10
28
2
13
6
20
8
1
29
24
39
30
19
0
9
19
13
38
13
32
20
32
28
13
14
17
25
16
23
11
25
18
12
19
37
31
31
28
35
3
15
14
10
30
3
25
38
29
19
36
17
26
23
3
11
9
27
19
15
4
3
13
6
11
36
1
4
29
35
16
38
6
28
8
23
39
1
37
20
7
19
9
32
26
33
39
26
23
24
37
1
4
9
38
6
25
18
13
16
13
15
21
19
31
21
6
30
30
0
38
7
7
35
23
21
23
6
2
24
15
34
16
10
27
6
5
19
6
30
36
22
4
20
24
9
6
35
36
22
29
29
20
23
17
7
25
28
22
18
27
11
22
39
5
27
23
4
29
19
25
14
32
36
8
27
19
34
23
12
30
6
1
35
15
37
12
10
25
33
31
1
29
22
24
28
9
0
16
20
14
17
17
2
0
23
32
33
35
34
26
12
31
32
4
9
26
4
29
30
5
13
12
37
10
32
28
34
23
9
16
20
31
31
10
17
28
31
19
24
30
8
4
34
5
23
13
30
0
24
20
9
1
30
19
16
31
2
15
11
9
13
25
1
18
18
17
1
23
15
0
34
26
37
16
0
15
8
32
15
21
19
22
17
30
23
36
38
27
0
23
18
6
10
21
26
26
29
24
25
1
20
27
31
36
38
35
5
6
23
26
0
6
23
15
2
33
19
20
18
10
4
37
38
21
20
37
18
28
26
27
34
23
26
28
34
19
39
10
17
29
21
28
4
19
20
7
32
13
16
39
29
2
38
12
37
16
23
24
11
4
34
23
15
32
2
38
27
2
18
26
8
31
1
6
10
16
32
22
11
33
0
17
30
17
36
30
6
17
0
18
32
20
22
25
26
30
34
36
15
20
14
36
17
13
32
26
9
4
22
3
27
8
31
17
23
35
0
24
19
34
24
37
1
27
27
18
31
29
31
28
30
13
14
6
4
17
35
31
11
9
22
12
15
36
18
25
19
4
18
29
23
15
31
34
3
9
29
7
19
18
26
38
0
22
39
17
26
12
28
7
32
27
38
8
0
25
34
18
39
8
30
22
21
10
15
37
20
0
15
18
38
13
9
7
10
36
29
18
32
9
36
11
13
18
26
22
37
38
26
0
28
39
6
22
11
0
12
12
5
2
13
26
10
36
33
3
23
7
22
15
25
29
14
12
37
11
37
19
7
25
37
20
34
23
7
23
13
17
15
28
22
32
28
29
39
3
39
24
39
38
34
28
23
25
5
14
30
35
14
31
1
13
24
37
31
18
1
33
38
37
12
9
30
25
14
19
18
25
7
16
20
12
7
14
23
24
11
36
28
36
31
27
11
37
0
25
35
35
38
36
32
31
38
9
20
25
27
26
2
4
26
39
18
30
25
33
30
8
15
28
32
19
3
5
1
6
32
20
20
15
10
34
21
22
36
30
31
23
15
1
26
30
12
36
25
32
32
19
28
7
21
14
9
31
21
0
27
22
8
5
38
32
23
35
29
22
28
31
3
13
6
11
5
27
20
19
39
4
5
12
11
35
36
13
33
5
19
24
11
10
14
35
36
32
34
39
1
18
34
36
21
12
11
17
12
17
31
22
29
4
27
2
16
4
7
25
37
8
21
39
38
25
27
38
14
32
1
19
21
17
39
5
0
13
0
11
37
7
37
28
6
30
7
32
28
23
35
21
7
27
14
25
19
36
26
15
18
17
0
37
34
32
4
25
15
34
33
27
39
6
0
16
16
27
32
16
20
7
13
14
30
17
7
13
35
21
37
9
27
15
6
38
32
36
29
12
11
10
9
24
27
36
26
8
39
34
29
13
34
30
18
19
12
4
10
27
39
1
36
19
12
19
25
28
27
15
30
37
20
22
31
18
13
32
26
16
6
34
2
35
11
7
0
36
18
22
14
37
39
7
17
4
26
11
11
18
29
35
35
25
20
14
11
1
3
38
4
16
18
16
33
25
25
31
17
9
31
22
1
36
32
8
17
4
26
32
12
3
21
23
22
31
