8
120
0.6
52
12
75
27
89
26
18
18
17
2
82
3
118
3
19
16
14
42
15
11
43
57
47
116
22
0
28
28
7
23
22
27
91
15
110
23
14
21
96
12
4
58
23
50
25
28
14
92
40
92
14
50
111
25
7
75
18
5
70
83
118
25
30
59
16
82
6
16
18
2
9
16
86
24
27
73
58
79
109
22
52
2
112
110
73
64
10
96
16
112
100
87
103
25
80
21
7
16
49
62
97
51
7
12
26
5
58
36
75
77
39
42
20
76
25
4
1
29
6
97
27
7
105
6
21
19
1
24
22
94
42
93
21
11
20
13
18
21
11
48
67
58
18
12
62
8
101
10
59
12
23
115
80
88
16
20
28
18
51
21
19
8
106
29
13
7
110
88
13
1
85
17
27
91
3
27
54
64
27
3
20
18
8
17
83
95
116
7
7
54
6
76
5
109
23
1
30
66
13
4
25
16
18
118
22
8
73
45
18
28
119
19
4
10
40
54
83
17
7
13
20
102
53
109
7
38
32
21
18
38
40
21
48
117
4
23
88
5
28
15
22
109
67
68
13
18
29
84
81
15
22
83
23
78
29
14
68
117
10
7
21
79
1
9
27
116
4
70
6
62
119
87
7
9
56
21
29
7
26
81
0
10
29
13
18
74
55
81
0
18
5
29
29
82
20
89
10
78
21
45
41
8
14
0
27
5
13
29
111
70
48
4
26
4
22
95
18
116
69
78
43
20
22
21
11
4
23
19
103
87
7
52
32
66
81
15
111
93
13
87
6
9
20
107
20
20
119
76
28
117
39
64
19
27
116
14
39
106
17
29
99
93
67
22
87
96
27
117
82
119
89
9
90
9
13
6
16
26
1
27
5
25
60
58
7
84
84
23
22
70
89
19
95
4
42
29
23
59
15
17
21
77
6
18
108
112
4
9
4
16
76
18
16
23
89
50
15
7
7
62
5
12
2
77
55
27
21
0
62
24
26
77
11
20
3
14
9
30
22
12
22
92
63
6
28
56
2
51
105
33
56
17
23
15
70
24
6
32
24
7
13
0
33
16
4
7
49
26
11
15
26
9
11
5
28
29
111
23
35
8
18
57
38
36
49
49
23
84
13
36
68
27
8
61
73
62
28
35
9
6
69
27
87
1
87
6
29
56
86
36
91
77
3
46
25
4
21
61
22
73
3
22
36
17
10
12
54
7
6
12
3
108
22
21
87
9
28
26
94
40
2
29
16
0
89
33
101
12
115
78
15
28
17
13
20
25
61
82
2
89
24
19
8
24
18
2
4
39
12
23
101
18
28
23
25
4
78
34
36
58
36
24
110
117
17
97
87
16
50
13
49
17
52
18
75
0
10
54
1
2
0
56
64
90
98
96
14
6
2
21
107
17
25
36
10
86
28
26
27
21
54
60
17
5
14
66
14
4
63
6
108
49
12
12
6
63
103
21
115
113
21
13
65
24
78
89
0
14
1
63
0
90
3
29
101
10
39
83
117
115
4
1
25
10
7
40
17
82
8
89
13
115
29
29
118
34
39
26
20
7
14
77
29
111
21
112
5
6
59
117
24
23
58
19
112
90
116
110
60
71
50
34
28
12
14
33
0
6
2
15
118
44
59
116
15
12
14
33
102
17
30
1
0
9
84
37
100
6
27
60
0
29
18
81
42
79
1
22
38
21
21
12
48
94
30
2
0
57
5
43
15
17
92
75
92
24
29
8
27
71
13
18
23
15
9
81
15
0
22
53
26
28
27
111
14
31
13
22
12
8
38
15
28
5
88
103
4
27
18
15
86
24
24
2
14
54
52
17
11
88
100
52
59
103
11
74
24
68
37
90
71
6
0
62
18
19
108
95
113
117
112
99
1
47
9
22
22
27
9
27
110
107
92
12
17
8
75
7
117
0
24
29
87
20
46
11
26
47
3
102
24
89
83
82
45
14
8
99
27
0
12
36
43
5
8
2
1
109
16
10
21
4
3
24
45
14
13
11
115
10
32
28
105
16
88
8
28
5
38
2
38
21
81
12
2
110
91
85
12
58
76
100
87
32
2
23
3
2
7
19
34
20
29
29
65
15
71
22
6
22
7
109
51
2
108
19
84
12
62
40
23
26
11
18
11
3
61
16
8
61
85
81
59
40
57
36
5
13
22
21
25
62
61
4
45
99
17
55
18
109
47
101
72
1
27
21
74
25
51
56
74
109
6
6
112
21
47
11
9
86
86
15
87
53
5
5
79
15
1
49
33
23
14
82
57
35
104
52
17
27
