16
40
0.1
0
29
38
34
35
11
11
24
19
13
17
37
0
3
13
39
14
7
17
37
27
35
28
20
36
24
15
11
9
22
14
34
28
29
16
16
12
31
18
11
30
32
23
5
23
18
10
4
22
30
32
23
23
26
29
23
29
35
36
3
37
20
38
33
18
21
34
19
14
29
34
25
7
16
32
38
34
30
39
36
25
24
32
22
22
1
20
25
30
33
11
5
6
33
28
38
17
18
31
14
15
27
14
29
27
21
2
32
31
27
17
21
37
35
20
39
10
23
35
9
24
3
37
25
22
21
22
23
11
39
8
10
21
37
20
0
11
25
16
18
22
24
26
31
10
12
18
26
14
32
26
36
31
35
36
11
24
31
35
18
22
20
34
20
21
34
26
11
11
20
11
25
19
21
25
27
23
19
6
30
22
21
33
25
19
18
0
23
27
4
1
17
28
25
11
37
38
15
27
36
20
16
24
17
23
35
21
23
33
23
20
15
32
11
14
30
22
37
29
36
17
16
34
13
14
35
30
27
21
31
20
32
37
37
14
39
14
35
18
34
39
14
27
15
11
32
17
17
27
38
7
18
6
33
14
25
12
1
10
30
12
39
23
29
27
8
18
12
24
14
11
39
38
38
25
12
21
34
13
10
24
32
24
20
34
38
7
10
33
22
8
32
15
19
32
28
25
14
13
30
30
37
25
18
12
18
29
28
38
39
31
31
19
33
11
32
4
30
1
15
18
16
19
31
36
12
32
29
30
21
21
35
39
14
14
11
32
4
23
38
2
19
28
13
27
30
32
36
20
14
16
27
38
21
14
38
15
23
19
33
26
37
39
24
33
22
6
27
36
7
36
27
33
21
19
10
19
17
35
16
33
29
30
34
35
19
20
1
2
26
12
11
23
34
21
22
23
11
2
19
22
17
36
24
27
17
9
17
32
27
39
10
17
32
36
28
25
34
31
27
14
27
0
28
16
8
17
25
33
11
29
30
39
17
37
12
32
22
32
32
36
38
30
6
37
17
39
31
16
16
18
34
11
30
11
31
28
30
37
5
21
2
11
20
17
38
27
20
36
38
26
27
10
37
39
19
14
17
33
12
7
21
39
13
14
11
19
33
39
5
37
21
24
21
10
10
27
30
39
7
31
22
21
10
15
21
33
23
11
14
11
33
28
34
13
16
35
9
0
20
7
31
26
35
16
7
10
29
26
32
4
1
28
12
38
23
31
29
6
23
37
32
15
12
11
25
33
22
28
8
36
16
9
16
20
36
18
35
32
20
21
30
34
21
13
32
16
25
36
18
10
34
37
15
29
25
11
15
6
28
16
17
22
21
25
10
32
28
21
33
35
26
29
14
19
25
22
37
35
13
17
19
11
16
27
10
28
35
17
16
16
3
4
34
35
13
20
39
22
17
36
32
20
36
30
38
33
25
9
32
36
4
21
18
39
23
15
18
20
14
19
28
26
38
4
23
20
0
18
37
38
15
17
8
15
19
10
1
19
9
10
1
1
38
17
12
29
24
4
22
35
33
22
17
30
17
28
20
7
39
11
31
20
10
28
17
34
15
16
10
33
12
39
34
30
24
33
15
11
27
12
23
22
24
39
27
17
37
32
36
37
19
25
14
27
28
17
11
28
14
12
14
23
38
15
12
29
17
23
27
9
15
12
37
39
22
37
11
39
21
33
33
4
6
19
13
9
11
1
23
29
17
21
22
3
21
19
17
24
36
33
33
16
11
28
36
36
12
23
32
13
35
16
10
12
9
23
29
37
33
30
30
35
11
18
10
37
10
37
21
27
22
8
39
27
19
17
0
18
24
21
31
13
22
32
11
18
39
31
32
21
26
34
14
8
25
10
26
5
18
37
22
34
21
33
39
13
21
27
8
28
11
8
36
15
9
31
6
31
27
19
31
19
24
37
23
24
11
15
39
36
26
1
16
12
8
23
14
28
11
36
1
19
33
32
11
26
15
31
38
35
22
19
37
18
12
16
16
11
30
26
33
36
10
14
28
35
19
34
29
16
27
23
33
14
2
2
10
21
8
11
29
25
24
17
38
38
18
17
23
15
9
3
34
7
37
15
3
5
38
26
20
11
27
16
10
36
20
2
25
39
30
18
37
18
24
27
31
30
25
26
18
16
10
38
23
6
21
14
16
22
23
28
34
5
17
3
14
34
38
18
20
25
17
33
20
13
31
18
18
10
29
0
14
30
28
3
27
30
25
11
39
26
1
28
24
18
15
31
12
13
19
23
2
22
16
19
15
38
12
