4
40
0.2
32
26
8
35
17
11
29
19
27
2
28
4
26
22
20
29
37
5
16
9
33
20
26
16
11
37
16
33
24
27
5
34
29
32
21
13
16
13
34
27
33
25
6
39
17
26
39
12
12
2
20
38
11
35
11
31
9
14
23
31
21
20
38
33
7
36
11
2
24
19
37
31
38
4
0
37
34
31
34
1
22
10
33
0
30
18
15
16
36
26
17
20
26
0
4
20
39
11
37
14
3
15
10
28
38
22
18
15
1
1
33
27
31
33
0
14
19
2
25
20
6
28
35
10
29
22
1
27
31
1
39
13
9
31
27
22
20
10
21
8
35
4
21
20
6
20
5
12
39
24
10
16
17
38
8
26
24
20
18
10
30
7
0
23
22
8
6
31
19
29
28
24
13
0
27
14
32
6
5
34
1
29
17
31
33
31
20
23
38
20
38
1
10
11
36
36
35
18
35
21
6
1
30
32
38
12
35
11
25
21
2
37
6
28
18
17
29
18
30
6
18
13
30
17
3
10
13
1
16
25
16
10
12
16
33
39
9
16
18
37
25
26
8
22
36
13
33
15
23
25
7
0
35
12
27
23
33
27
3
4
25
8
24
20
8
38
24
31
28
8
26
0
15
35
23
11
33
16
0
3
39
28
11
37
21
37
21
29
10
16
3
19
33
5
9
38
1
21
9
13
13
24
38
21
13
21
14
35
32
9
38
26
23
23
19
4
8
13
24
34
17
5
30
26
14
30
31
27
34
13
37
29
4
37
25
6
37
15
15
35
35
32
12
19
20
0
1
24
4
21
39
32
18
30
11
18
33
25
20
39
7
29
26
4
25
16
35
2
20
26
33
19
30
38
32
13
26
3
22
32
13
22
29
3
25
13
19
18
10
9
20
13
6
0
31
13
0
38
22
18
16
7
21
27
24
24
39
11
17
28
9
27
7
15
10
15
10
36
22
23
19
12
34
35
39
27
37
36
8
37
20
6
28
5
23
21
17
17
27
23
14
32
9
4
39
26
20
3
5
18
22
23
21
12
31
26
21
38
17
23
20
5
28
38
32
32
29
22
27
7
13
18
21
16
22
3
31
36
34
29
27
19
28
16
10
14
33
22
17
12
26
22
2
21
39
34
12
23
36
37
36
21
0
30
27
18
11
27
23
24
20
1
20
3
24
4
4
25
29
16
1
26
3
31
14
36
12
24
3
12
18
16
18
23
6
27
35
32
18
38
14
14
7
34
34
5
33
17
39
29
32
30
28
14
10
3
7
30
23
21
25
4
1
16
32
16
10
16
37
2
17
29
4
32
32
1
7
22
25
21
4
12
25
13
2
22
27
29
27
14
23
5
10
26
2
8
9
6
3
5
10
11
10
4
21
30
9
23
36
19
10
1
8
30
2
8
30
12
39
15
29
13
25
2
24
0
26
36
29
12
7
39
11
20
3
29
32
22
11
5
29
0
9
7
5
21
16
37
34
7
39
8
33
14
9
26
39
34
21
11
18
19
12
6
26
9
11
11
38
12
27
18
25
17
4
33
27
25
32
19
28
17
16
30
14
18
16
30
11
19
4
36
18
28
25
17
30
31
6
39
0
9
16
0
32
16
7
35
12
25
15
8
2
21
17
21
11
4
28
7
29
19
10
15
11
0
1
18
21
15
28
30
35
12
27
15
31
15
38
39
36
4
8
5
12
18
26
34
39
38
6
12
14
20
28
5
38
36
15
7
3
38
24
30
35
26
25
33
7
34
19
22
1
21
19
0
34
10
29
20
7
18
37
11
26
2
20
7
22
4
8
32
36
21
32
24
21
19
36
39
12
39
29
7
34
11
14
16
3
11
38
32
23
18
13
2
18
31
35
25
34
3
30
30
18
10
35
11
26
28
32
27
15
12
21
8
11
20
13
38
10
9
39
4
23
36
1
20
23
32
16
37
31
1
2
2
5
15
20
4
19
24
2
27
25
28
4
2
37
9
16
17
20
26
20
39
25
27
11
18
30
2
17
35
6
35
18
25
30
4
35
12
23
18
38
31
30
34
20
3
37
26
27
10
19
0
31
38
32
11
13
15
2
31
17
32
26
24
39
8
21
16
14
5
29
18
23
38
22
12
16
25
17
34
29
27
20
39
36
13
31
24
9
26
2
2
15
37
15
5
26
17
22
15
12
11
28
14
30
11
29
25
37
18
36
29
15
15
16
13
35
13
22
20
22
38
14
8
30
16
32
30
30
32
24
38
7
35
8
23
39
0
26
4
8
38
22
30
14
23
