4
40
0.30000000000000004
18
34
32
0
18
8
29
6
4
15
12
23
28
12
18
16
18
26
21
35
12
17
36
37
26
0
20
0
16
10
39
0
19
26
39
8
19
17
15
34
19
30
25
11
4
39
29
7
23
36
25
16
34
29
3
37
16
9
17
9
23
26
21
15
6
27
16
8
10
32
38
25
30
8
33
25
13
21
26
2
32
20
9
33
7
16
34
17
29
15
19
23
11
28
26
39
18
21
20
27
4
7
17
32
19
28
4
37
36
21
10
8
10
21
7
29
28
29
10
27
12
6
12
11
35
26
0
18
28
14
6
37
19
28
8
21
34
19
13
5
23
35
7
28
15
8
2
30
18
14
17
5
2
8
39
8
26
1
38
9
33
21
30
7
37
36
12
24
31
8
39
19
7
35
29
8
19
35
22
11
34
1
16
14
16
39
2
33
31
0
35
23
28
24
24
33
17
12
6
8
23
15
19
20
1
16
22
8
31
36
19
7
3
6
17
30
25
9
38
20
36
6
35
24
27
12
3
24
9
15
34
26
22
2
1
26
31
1
1
19
34
28
26
18
19
37
14
7
1
18
2
9
25
22
5
24
8
33
16
2
24
11
26
27
37
16
7
0
30
27
28
9
19
4
17
8
21
35
21
19
27
27
19
25
1
16
19
0
24
28
20
4
38
0
17
2
21
36
37
8
38
9
0
39
16
8
36
17
23
30
38
30
35
39
0
16
20
2
9
22
1
4
26
2
18
30
11
33
15
25
36
15
38
5
23
25
7
1
28
1
32
21
5
24
25
30
27
29
6
18
11
22
20
35
15
14
18
33
7
33
8
16
31
16
31
37
23
20
5
34
9
7
35
16
26
10
7
27
11
28
6
18
8
23
27
13
14
1
26
3
33
34
37
5
28
5
34
8
3
3
26
13
18
20
29
3
0
7
19
6
32
5
19
39
16
20
13
20
39
36
5
14
21
39
1
34
35
5
25
23
3
8
14
29
19
30
25
19
35
12
6
31
10
14
25
19
38
36
13
5
34
4
8
35
5
20
22
39
37
3
33
37
1
29
13
34
25
29
14
23
5
4
35
27
3
7
22
12
26
14
7
21
23
5
27
37
9
27
35
37
20
6
16
37
23
37
31
22
0
32
35
30
29
14
33
39
22
36
3
20
17
16
0
30
21
31
15
9
2
3
32
39
10
13
15
3
7
16
6
14
35
7
16
8
19
10
39
37
15
13
10
11
17
30
18
37
8
36
0
24
32
0
30
29
36
13
33
26
3
33
1
15
4
34
27
15
6
27
35
14
33
13
2
5
5
13
23
32
37
38
4
0
36
1
27
37
18
33
39
15
25
14
10
26
16
6
6
1
31
36
5
8
31
23
18
9
13
29
34
27
16
19
37
0
34
30
5
38
35
19
5
24
20
6
30
37
19
5
35
26
22
33
39
39
6
12
29
39
7
23
29
12
21
19
38
21
32
13
18
25
22
5
39
8
39
38
13
8
33
1
14
25
31
7
13
10
33
37
18
20
21
19
23
7
35
38
17
6
8
25
29
28
3
6
9
29
23
29
38
5
4
8
15
6
23
14
7
20
4
18
25
15
34
15
33
19
9
15
30
34
16
17
39
35
17
15
30
2
38
28
24
17
15
3
17
31
28
9
23
34
30
4
13
6
37
6
23
4
37
29
2
36
12
23
13
14
17
1
32
0
26
32
33
9
26
16
3
17
14
1
10
16
6
15
20
27
29
24
23
15
36
1
17
2
7
28
3
16
8
23
21
24
26
23
26
5
18
6
3
9
1
19
11
39
1
22
9
34
0
2
10
22
0
12
15
18
5
0
24
10
11
10
39
17
17
39
20
9
39
24
31
14
33
17
18
27
26
4
13
36
15
29
7
6
23
11
36
37
12
29
8
20
23
7
10
15
14
17
4
38
20
2
33
32
21
18
24
11
5
9
32
4
5
20
24
1
4
25
24
12
38
37
20
4
0
39
38
12
9
1
14
3
11
2
7
2
25
0
22
5
24
35
2
34
24
16
23
35
13
10
23
3
10
11
26
17
26
33
20
18
23
15
3
39
38
5
29
5
36
32
0
37
21
28
31
6
8
0
2
30
36
0
29
18
21
13
27
3
15
33
0
0
33
0
38
32
36
1
23
19
4
0
28
16
33
14
33
2
26
35
34
1
18
2
21
17
23
33
2
16
35
5
36
1
19
36
36
32
9
7
10
36
5
2
3
15
38
32
36
21
36
33
29
37
37
3
20
29
36
32
