8
40
0.30000000000000004
35
13
23
10
14
7
19
35
1
24
19
3
18
35
5
13
33
25
26
25
13
19
27
2
4
17
17
5
16
22
28
1
16
33
13
29
39
7
29
28
12
3
25
3
11
31
34
18
13
8
30
32
7
17
30
37
23
6
33
6
33
28
8
38
22
23
37
7
26
21
28
9
39
23
32
28
10
16
38
36
18
21
26
32
15
16
24
29
31
21
7
8
7
33
27
0
0
0
24
7
37
17
39
11
20
30
15
11
14
37
10
26
15
18
38
30
7
8
24
23
17
19
35
23
10
13
4
39
25
22
2
10
6
35
13
9
11
39
30
8
11
26
1
32
33
24
20
11
39
21
0
7
10
33
30
1
6
35
1
14
30
39
19
8
30
0
13
5
21
6
10
13
10
6
8
0
21
20
1
21
13
17
9
9
39
22
27
8
10
31
33
26
19
18
34
30
25
7
32
29
16
38
6
11
13
10
25
38
21
9
5
27
25
24
38
27
1
26
34
9
6
23
25
1
38
23
27
26
13
39
27
39
8
29
0
10
16
18
1
15
27
8
6
29
28
3
22
3
21
33
24
16
24
24
8
6
34
34
21
39
11
11
8
20
2
28
28
26
38
4
8
19
12
22
22
13
34
34
26
26
35
26
28
8
6
2
22
7
11
18
9
1
22
28
32
20
34
2
23
19
8
3
10
21
17
28
33
26
30
14
3
16
29
27
2
19
29
33
24
8
29
12
38
29
39
21
1
35
31
37
35
19
15
17
22
18
37
18
5
13
36
4
33
0
14
23
15
37
24
24
23
23
4
13
38
37
0
28
8
25
29
8
39
6
19
20
1
19
2
33
33
15
18
9
23
9
7
14
5
1
24
20
14
34
18
6
31
33
33
29
26
21
1
1
1
8
21
3
9
35
37
25
18
31
9
39
0
15
2
5
17
20
24
6
34
5
35
5
36
11
36
24
8
21
15
37
5
27
26
9
5
29
39
5
12
37
39
14
2
20
2
1
21
12
7
2
16
32
37
17
2
38
8
16
21
32
33
16
5
1
39
2
27
29
12
33
17
7
10
38
25
29
1
1
15
8
9
27
25
1
14
9
31
30
37
31
30
33
25
9
33
35
36
31
9
2
3
0
0
17
34
21
24
23
18
24
36
27
29
33
4
11
22
17
19
11
16
39
20
14
37
4
32
7
24
13
11
9
24
19
8
5
23
22
7
37
20
11
11
13
27
20
2
20
25
6
18
35
27
7
10
27
2
27
3
14
0
5
10
8
7
39
1
35
4
5
0
24
5
3
18
29
19
30
31
6
23
17
10
4
8
15
23
19
6
32
5
8
1
26
22
4
12
39
32
3
25
2
0
3
2
9
25
24
39
27
19
11
20
38
16
23
28
0
23
6
14
1
29
16
20
13
26
29
10
34
32
25
0
26
33
37
23
0
37
3
4
8
14
30
24
18
32
9
25
5
0
21
8
25
18
12
21
7
19
32
36
3
21
36
26
34
17
31
4
16
9
14
13
35
37
10
3
8
34
4
0
35
3
28
26
19
16
35
2
23
17
30
27
16
20
18
19
32
31
23
11
22
19
2
20
33
11
30
28
31
0
7
7
20
31
0
19
28
31
28
18
30
31
33
35
25
5
6
38
4
31
34
26
0
18
13
12
24
7
33
3
18
2
4
13
24
8
22
0
25
19
8
37
4
32
1
17
13
23
18
29
4
38
39
8
18
2
39
15
38
10
27
32
22
36
24
8
14
27
21
8
25
0
13
10
5
14
2
10
19
7
30
1
37
23
11
4
4
15
1
1
30
24
8
24
16
5
18
25
15
0
7
30
18
14
1
33
14
6
21
3
22
26
35
8
4
6
6
2
36
4
30
6
4
7
28
25
24
21
13
38
9
38
11
8
0
29
9
7
3
28
19
20
15
6
35
31
38
13
26
10
12
39
34
35
23
2
4
2
19
1
25
1
0
9
17
7
16
34
31
32
7
24
33
36
19
2
23
21
19
0
38
10
28
10
6
1
4
16
21
19
25
0
12
13
23
25
13
35
31
5
35
19
30
24
37
8
14
8
5
14
32
34
15
2
22
26
23
7
5
39
35
0
2
32
6
17
3
16
32
9
8
19
3
16
18
34
36
10
10
38
33
14
17
4
3
28
2
0
24
35
27
29
34
17
22
5
16
11
23
18
15
12
22
1
16
7
5
29
23
20
9
18
9
1
3
21
26
23
28
24
16
6
32
21
38
10
23
23
14
21
38
3
36
