32
120
0.6
20
0
17
1
8
1
76
21
20
26
15
9
27
25
88
92
11
18
65
10
23
1
76
96
22
39
62
28
27
16
107
94
13
112
25
5
9
71
21
22
7
13
20
26
19
43
109
22
22
117
4
9
77
25
75
21
24
100
7
9
0
50
12
48
10
78
34
9
42
23
14
92
1
17
13
25
46
1
107
28
27
76
93
52
22
23
38
56
3
18
16
12
70
24
3
113
108
20
0
27
24
22
11
5
41
20
115
10
10
26
14
23
71
20
3
25
1
10
4
116
1
22
113
25
3
20
23
23
72
6
35
36
26
25
4
5
104
73
11
88
8
12
104
43
16
87
27
20
6
55
21
97
20
81
3
23
85
13
5
10
21
83
119
117
14
85
82
13
23
24
119
24
61
80
2
26
27
0
8
19
117
11
116
22
0
4
24
7
13
19
72
9
46
12
7
67
9
10
23
119
0
30
1
3
61
21
90
56
23
9
25
84
7
102
9
85
100
27
27
26
26
1
26
5
89
28
99
61
21
81
30
99
112
63
28
19
68
74
50
19
5
11
113
22
1
23
69
4
22
29
11
65
50
58
113
89
34
19
6
13
20
15
22
2
52
105
48
24
5
1
90
21
19
4
72
10
87
31
47
24
15
118
7
35
18
17
11
7
13
87
24
18
26
23
25
3
7
13
15
27
17
96
45
62
82
115
1
1
11
8
24
5
20
52
25
8
4
105
12
23
3
11
16
73
95
21
12
82
18
25
23
18
4
20
7
30
117
4
31
17
113
29
103
19
104
18
88
2
117
18
64
108
18
39
34
116
63
34
26
2
81
26
1
14
107
3
23
5
87
21
11
7
47
15
41
22
16
25
11
23
6
11
3
18
23
9
22
103
97
12
3
101
106
2
21
82
54
47
0
1
5
17
114
11
11
39
30
26
13
39
0
7
1
5
25
113
22
10
108
4
82
102
10
27
22
6
12
111
14
51
84
118
119
71
55
116
1
29
45
93
9
18
26
23
99
3
4
6
116
1
11
27
13
6
8
47
4
24
39
29
5
13
89
33
65
2
25
3
36
49
102
93
28
4
84
59
23
25
47
24
8
0
42
80
107
3
1
76
19
92
38
68
21
12
23
75
76
25
27
18
22
1
16
22
10
68
4
5
85
51
15
18
114
63
107
63
3
27
10
66
11
74
37
10
3
16
2
13
13
75
19
14
22
75
17
19
19
26
117
15
118
21
54
73
85
48
4
5
81
89
57
75
51
50
45
1
36
22
44
48
7
63
2
74
7
28
83
17
7
29
105
24
104
114
3
111
71
2
84
24
13
12
95
6
25
100
26
68
29
24
8
30
26
42
10
87
109
16
27
21
94
114
1
15
59
8
56
68
2
91
21
85
2
102
28
3
16
71
54
16
0
2
6
11
11
8
11
22
24
26
68
22
114
1
63
72
27
12
21
7
20
41
31
0
93
20
115
17
14
15
106
46
6
26
13
23
103
16
7
0
99
61
21
62
3
64
2
15
61
21
108
20
28
96
1
33
21
15
61
8
86
21
90
10
8
2
36
39
59
89
1
65
0
25
29
99
20
50
1
29
21
26
30
23
6
68
12
25
16
27
14
19
23
97
11
102
27
18
112
43
4
19
26
11
12
6
42
10
82
20
20
6
14
15
32
24
11
7
107
7
104
10
11
16
18
117
5
87
85
2
75
6
19
73
1
53
15
99
26
32
1
42
30
3
14
81
18
96
2
31
43
53
52
12
25
91
22
94
28
22
104
4
4
20
11
84
27
26
16
26
19
113
21
103
95
93
29
26
5
27
15
92
57
18
22
17
72
47
20
29
6
10
113
6
113
66
3
70
35
34
11
13
18
105
24
9
48
85
22
21
29
11
21
0
13
10
14
84
86
4
116
25
5
18
55
25
99
10
102
117
7
2
19
73
27
22
27
44
15
86
0
10
42
19
11
34
30
5
104
38
16
3
2
4
101
41
52
65
12
2
20
44
75
59
99
82
12
70
5
7
13
50
15
15
80
29
1
18
17
8
13
0
11
20
17
24
21
10
6
65
16
9
53
18
1
23
28
15
28
27
9
16
87
2
82
1
3
47
118
27
2
16
10
10
2
27
35
80
14
9
21
53
94
14
12
29
14
14
6
21
7
0
18
66
12
89
3
8
18
111
10
34
92
58
107
11
20
34
53
11
61
1
7
20
67
42
10
90
88
5
12
25
0
26
28
8
1
88
82
86
98
56
6
72
32
25
20
74
36
104
