16
40
0.4
1
8
27
4
11
4
8
23
22
18
35
25
18
5
29
24
2
8
13
20
13
2
32
19
2
15
5
38
2
6
5
14
3
9
19
21
21
28
17
13
0
30
21
11
6
36
24
8
36
4
0
16
37
1
29
19
27
37
22
24
25
25
5
8
25
33
6
32
35
0
2
0
9
12
24
8
35
32
17
34
1
35
3
7
7
0
1
23
7
20
5
38
1
14
29
13
0
29
2
6
16
7
35
30
30
15
13
23
1
24
35
29
2
2
2
37
36
38
32
0
1
33
9
5
9
6
13
3
33
30
24
9
24
37
23
36
6
34
16
31
9
12
24
5
0
24
9
1
17
0
3
3
5
19
23
25
8
1
27
9
4
39
26
7
5
3
7
23
13
0
17
23
9
16
26
3
7
28
7
6
34
16
36
15
18
30
38
19
6
1
24
32
11
25
25
15
28
8
16
9
39
38
27
6
11
17
8
8
1
19
2
19
15
5
4
19
23
19
1
27
15
2
5
7
31
2
21
9
34
3
17
7
14
1
13
29
21
19
4
4
10
6
8
28
0
8
3
2
23
22
13
16
3
16
3
6
9
16
37
3
29
28
16
13
14
17
35
8
4
18
9
7
17
17
23
7
9
3
3
22
5
38
5
2
14
16
8
11
19
22
0
5
6
26
6
1
31
17
19
9
10
33
9
7
32
18
38
38
5
6
15
1
5
31
33
10
4
7
9
21
8
35
5
6
7
12
36
36
1
24
15
12
2
20
36
36
20
24
7
38
1
3
13
31
0
3
7
19
30
6
39
1
30
34
18
2
36
2
27
19
0
29
7
4
33
19
23
2
15
17
2
24
23
19
27
19
14
17
36
12
38
38
17
6
29
25
39
10
28
2
19
21
6
33
26
9
25
9
38
37
2
26
3
11
0
15
30
1
9
36
29
7
39
19
24
19
6
24
31
4
5
21
10
11
6
3
31
4
0
21
12
1
39
12
11
1
30
2
26
5
14
5
36
14
3
33
29
28
12
3
22
11
39
16
25
3
3
3
7
6
12
32
17
0
31
2
1
14
13
25
0
28
4
29
24
24
16
7
0
0
8
10
21
11
1
25
13
3
22
0
31
24
21
15
18
10
16
15
4
20
24
8
22
36
15
18
8
4
33
3
20
1
24
27
8
8
12
18
1
15
24
5
18
3
31
7
7
22
20
33
21
13
34
28
21
33
33
36
24
17
33
9
27
32
27
4
23
30
11
35
18
2
23
16
6
17
8
30
7
33
3
30
7
7
28
3
0
39
19
33
4
29
12
29
1
28
7
22
36
39
9
8
5
10
17
11
29
29
38
1
2
8
7
4
37
31
23
0
26
19
14
23
9
37
1
14
10
35
8
5
18
2
12
14
17
14
1
32
33
29
9
5
32
4
19
26
31
23
19
34
0
34
16
4
7
9
5
32
4
32
29
17
36
35
3
16
9
26
5
5
1
39
15
4
27
37
18
14
30
26
3
28
6
32
8
5
1
15
30
3
24
8
1
4
23
27
2
8
9
21
2
4
28
36
15
3
32
5
3
25
30
33
19
19
13
30
0
28
30
35
1
30
3
9
4
22
8
2
34
15
23
1
14
12
31
4
31
14
17
0
23
34
26
10
38
7
34
25
16
8
5
32
15
10
16
1
9
38
6
8
7
38
5
26
31
7
9
19
7
0
31
26
16
15
3
4
32
29
33
4
26
5
24
4
23
23
24
0
12
3
27
29
4
20
28
33
5
7
20
37
6
19
35
23
26
34
19
3
23
38
10
9
28
3
6
3
21
37
5
23
8
4
9
1
10
14
28
3
35
34
10
4
11
30
10
25
0
37
37
24
20
25
39
13
38
19
12
22
30
13
16
5
2
26
4
13
3
6
38
1
0
7
31
39
10
1
31
10
32
8
32
30
1
3
19
3
23
6
13
5
11
26
13
1
8
31
22
6
34
30
33
29
1
2
3
2
36
38
2
6
22
37
37
18
1
5
14
21
0
14
39
28
5
6
24
3
2
5
27
2
0
36
30
29
6
33
20
35
5
37
14
24
16
8
5
8
18
19
34
31
1
32
4
12
2
31
24
35
36
2
22
28
39
4
12
25
5
7
28
4
20
2
28
19
17
1
23
26
38
13
17
15
2
10
16
5
4
0
8
8
13
9
7
1
9
2
8
14
20
3
27
5
11
22
2
20
10
0
3
7
13
27
28
16
2
9
23
20
8
8
23
14
14
1
23
24
30
9
32
0
