8
40
0.4
4
30
26
1
9
1
1
19
30
9
3
28
31
21
23
30
14
33
7
12
25
34
20
2
15
26
9
35
3
4
6
2
31
28
9
9
39
6
5
9
38
8
21
7
2
3
1
37
33
31
11
9
6
3
8
28
13
21
18
3
3
39
35
18
31
22
3
13
11
5
38
8
15
5
1
39
14
14
22
0
20
4
5
31
6
3
10
19
7
27
4
29
19
18
2
37
7
2
20
3
31
17
8
12
26
34
1
22
3
2
39
21
6
23
0
26
37
32
3
5
7
18
12
4
21
3
36
28
5
5
21
19
18
39
27
1
20
5
32
9
0
13
0
34
25
27
15
34
3
8
21
11
18
29
29
29
16
2
16
12
13
31
30
28
7
1
8
13
0
24
12
12
1
39
4
31
27
17
1
3
7
10
34
21
4
3
3
32
8
12
26
24
1
6
2
36
29
8
24
3
24
30
0
39
31
0
38
20
28
1
2
1
23
1
5
33
35
16
3
4
39
0
8
18
26
12
38
11
6
6
22
9
25
12
2
5
5
22
32
22
16
4
4
32
7
0
6
24
12
27
4
2
6
36
34
4
0
3
24
38
31
31
9
20
22
9
26
4
7
0
38
24
1
38
31
35
4
22
6
2
20
13
28
37
23
0
36
4
6
33
4
7
10
7
28
37
32
23
18
1
22
9
24
30
3
10
8
8
6
31
1
1
7
9
25
9
30
28
21
15
16
2
24
32
3
1
18
20
22
18
11
9
6
18
9
14
23
4
26
17
29
2
2
5
19
27
8
21
15
7
3
10
9
34
39
4
22
38
14
1
31
11
16
10
29
36
38
25
6
31
29
22
19
22
17
21
34
16
3
8
4
39
34
13
9
0
5
23
36
37
7
26
19
9
18
22
10
0
8
5
2
39
9
39
8
23
9
12
12
19
32
30
27
16
29
37
34
29
27
0
19
22
1
4
3
0
6
39
20
9
0
6
21
13
15
2
35
29
5
3
8
13
7
34
26
7
28
34
9
1
33
4
1
31
29
19
3
17
39
32
24
39
7
14
35
24
17
9
26
16
5
27
7
17
1
8
36
12
24
25
24
3
8
20
11
31
14
34
5
2
33
4
26
29
16
3
4
4
13
31
5
28
19
29
26
16
39
24
10
23
9
33
17
4
22
8
4
20
11
12
3
29
37
12
37
8
6
26
23
37
37
4
11
12
19
15
11
8
19
6
13
18
9
30
39
3
27
5
9
1
2
19
1
10
2
24
3
20
24
35
15
7
37
14
35
19
32
14
12
38
20
5
14
32
12
24
2
23
3
2
19
33
1
3
6
31
37
7
36
28
39
6
6
5
28
11
17
8
4
4
6
8
28
39
0
18
3
33
3
31
16
4
18
25
38
3
1
20
2
36
38
9
26
0
36
38
30
25
20
6
28
18
31
30
34
6
5
13
7
21
29
34
28
36
8
36
1
36
35
16
35
2
4
4
35
25
29
0
12
23
33
27
3
0
7
20
37
17
3
9
24
27
3
38
4
1
1
14
15
39
21
38
25
11
6
1
5
23
9
4
1
30
37
1
20
24
0
6
14
19
0
12
8
9
31
2
36
16
6
33
0
3
19
9
24
1
2
33
32
26
23
2
18
33
35
35
37
3
3
10
13
19
22
25
23
23
8
14
3
7
32
11
3
38
7
0
17
13
5
2
22
23
1
7
5
18
4
26
1
9
32
9
34
8
0
10
9
24
8
19
8
32
24
5
34
5
33
9
32
17
23
13
12
17
25
11
18
23
24
21
9
31
4
7
5
22
5
35
27
12
15
34
26
3
11
6
24
24
1
30
2
7
16
2
23
0
37
7
13
30
2
10
39
7
38
6
1
30
33
18
26
25
0
8
1
39
9
19
25
6
5
19
5
26
8
16
4
4
0
38
18
1
18
18
30
1
19
33
36
2
31
1
29
7
9
10
37
0
0
1
8
23
22
20
34
24
38
37
28
13
16
20
4
1
29
7
23
8
8
24
19
39
18
2
36
3
24
20
20
23
6
22
14
23
17
19
8
15
7
11
5
15
28
4
30
8
26
10
4
36
21
36
8
33
7
11
7
18
4
19
7
16
26
15
15
21
22
2
32
3
1
30
5
11
9
16
8
27
0
28
8
0
12
3
12
38
28
1
12
18
8
6
7
33
9
13
5
2
2
3
24
4
9
32
1
29
32
4
10
31
19
17
33
23
6
13
5
6
23
30
17
33
34
8
31
35
24
38
35
3
