8
40
0.1
24
3
21
37
14
13
22
28
10
10
19
7
24
14
37
19
21
21
16
1
39
10
25
25
15
36
27
10
32
2
17
32
11
3
35
36
16
7
34
31
5
29
1
23
33
2
33
27
26
26
35
38
29
13
36
28
24
18
1
13
20
11
26
37
26
18
17
39
30
25
30
25
27
16
39
39
24
14
19
24
23
23
34
34
25
31
34
24
34
31
13
17
15
5
8
25
11
23
12
1
32
32
35
26
26
11
8
10
38
33
22
12
13
38
17
1
19
9
10
11
0
23
28
19
36
39
29
30
33
5
27
12
25
13
9
2
37
7
24
16
7
27
18
37
19
12
10
36
3
29
38
18
22
7
29
23
32
35
30
25
17
21
36
16
12
36
18
19
15
28
5
37
34
11
17
29
26
22
38
3
2
22
8
37
37
22
38
33
38
25
10
20
2
7
37
34
30
5
37
27
36
16
5
27
16
17
37
23
14
31
32
19
26
28
25
36
37
15
19
33
20
28
35
21
36
28
6
32
24
16
29
18
27
38
36
20
22
3
17
28
17
22
38
3
9
12
35
35
24
21
21
35
33
33
7
14
28
21
33
36
34
23
15
29
39
4
39
25
18
16
24
14
35
15
15
25
1
32
20
33
15
23
31
35
34
38
7
14
17
2
2
8
15
24
11
24
37
20
16
16
10
36
16
15
36
21
38
23
1
14
25
24
20
24
39
32
12
11
12
20
10
16
32
1
14
36
28
30
21
26
36
7
16
39
23
5
12
30
34
20
33
34
30
11
36
30
33
38
39
24
22
29
27
11
14
19
26
13
15
31
26
38
23
18
39
26
27
23
3
26
4
3
30
38
13
22
24
39
34
37
38
29
37
23
11
16
20
32
21
9
10
15
34
8
3
18
36
17
25
27
17
34
22
12
12
36
11
11
27
24
35
32
24
4
15
15
12
17
21
32
38
17
20
4
8
29
16
13
38
1
27
16
30
1
28
10
39
29
31
17
3
11
33
30
39
10
3
37
34
20
18
34
35
12
21
36
6
11
31
23
35
13
29
3
23
25
38
19
19
25
19
34
30
36
30
27
39
33
38
7
39
36
21
18
36
31
22
35
22
10
33
10
31
21
12
20
22
12
5
13
30
23
16
25
25
37
32
25
13
27
18
20
38
35
13
33
20
33
32
32
35
38
22
35
20
39
37
23
28
15
32
15
29
31
32
31
25
25
4
17
0
32
11
33
5
26
15
33
35
10
35
37
9
23
10
12
15
26
31
20
14
20
12
20
29
22
22
32
17
34
22
35
33
37
31
26
24
39
25
14
20
33
18
39
11
31
12
3
19
5
30
32
20
26
21
14
11
38
36
29
16
24
29
14
17
20
18
25
39
24
20
30
20
23
31
20
13
13
25
18
26
0
32
33
31
34
33
18
14
28
9
24
37
10
21
17
33
28
26
18
12
15
1
29
33
11
13
38
4
32
24
13
21
36
24
26
39
32
31
14
18
13
27
10
34
4
17
14
9
12
37
7
5
26
38
17
0
35
28
25
36
9
4
17
0
33
17
35
16
0
39
22
32
11
14
1
22
30
16
16
23
3
29
25
33
10
35
15
15
31
28
19
8
30
23
30
33
20
13
24
30
17
34
24
36
5
14
29
17
22
6
31
24
11
30
32
18
18
26
17
29
35
34
26
19
24
32
5
20
33
9
34
11
33
8
14
16
30
21
19
38
14
20
21
23
38
34
18
15
15
15
32
28
14
15
38
34
23
1
7
25
27
24
4
18
38
13
37
18
11
12
36
18
1
26
35
15
38
31
25
26
35
2
15
34
33
12
18
25
16
34
21
38
7
18
6
34
19
17
33
33
3
32
20
12
30
11
20
37
16
35
31
3
25
39
28
31
35
17
38
19
17
6
3
16
27
8
35
21
15
18
27
27
36
19
26
24
31
13
11
18
39
30
28
4
39
34
18
21
29
34
3
33
20
36
35
34
15
23
16
19
12
36
28
35
9
15
30
32
24
27
33
22
39
25
10
33
10
39
13
30
26
22
6
13
4
22
36
16
32
25
18
20
26
17
12
35
30
13
36
22
34
36
22
38
39
30
16
16
12
18
18
15
15
11
10
22
8
31
34
38
23
19
2
30
18
16
32
15
17
24
31
18
36
11
23
39
18
25
27
28
32
12
32
17
1
19
25
24
33
37
37
25
30
1
34
16
12
17
20
33
28
11
6
4
27
33
26
16
20
19
12
10
17
21
32
12
31
2
20
