8
80
0.6
19
15
3
79
77
37
3
0
50
19
36
15
57
7
1
66
17
62
5
6
10
58
7
11
7
17
2
14
4
47
55
11
13
7
16
52
9
1
0
6
17
45
61
0
6
12
17
15
19
6
16
18
18
1
7
10
75
0
71
2
44
74
17
15
12
0
14
3
41
5
0
8
77
9
16
4
6
5
12
9
78
40
10
9
1
17
15
18
5
13
9
54
70
0
78
7
23
32
10
6
2
10
15
18
3
3
16
2
13
0
1
16
77
15
17
0
3
6
14
9
13
12
3
11
13
56
11
5
58
10
14
67
79
39
8
9
49
1
1
7
1
6
11
3
17
71
42
29
74
12
70
7
17
8
15
28
9
36
37
71
57
15
77
7
54
18
18
9
3
10
18
49
46
47
10
18
5
19
0
36
26
61
2
28
7
4
5
64
17
9
19
44
12
19
14
5
5
7
17
9
0
13
2
30
7
11
77
69
14
62
18
11
3
5
38
21
4
0
6
8
17
56
8
18
1
6
68
71
18
15
59
0
2
37
41
23
64
62
21
18
39
0
13
77
14
1
5
13
43
49
16
13
13
70
15
3
14
44
71
75
5
77
8
15
4
79
72
72
5
16
10
56
7
0
24
5
21
15
17
8
39
3
8
14
16
7
29
17
33
23
17
51
8
15
4
7
7
3
16
8
21
14
52
51
65
37
10
1
10
16
3
2
51
40
76
6
4
5
3
10
12
9
17
2
54
0
17
13
42
31
19
64
70
44
16
69
11
60
58
77
45
18
2
6
22
37
30
16
28
15
47
10
17
3
2
11
42
54
3
64
8
27
31
17
0
60
8
0
12
44
63
41
4
10
29
5
0
26
30
7
3
73
1
6
10
30
23
3
10
32
13
62
53
24
70
30
63
9
32
21
18
3
37
13
4
5
54
17
5
16
71
67
11
18
4
2
0
70
10
62
6
71
1
0
2
22
10
3
12
14
38
6
5
2
60
5
0
77
2
68
58
8
11
55
15
1
65
40
39
0
8
8
24
50
18
38
9
0
9
14
7
12
15
71
15
72
9
12
3
37
12
49
15
73
12
26
77
16
51
37
54
28
31
3
16
38
16
10
7
19
3
16
2
7
24
2
42
10
31
27
10
5
7
2
9
5
63
8
12
14
26
7
8
0
8
4
65
10
41
0
11
79
14
79
0
5
50
4
7
14
11
6
18
21
61
16
7
53
12
54
25
48
6
24
13
3
7
57
63
13
40
39
6
2
12
75
18
1
74
67
18
14
8
69
57
17
10
50
4
18
11
39
78
22
11
0
15
54
6
17
16
7
46
9
18
11
27
66
12
8
1
3
61
7
68
46
18
42
19
19
61
13
78
44
67
12
13
20
8
18
6
36
17
13
66
69
37
13
14
2
65
53
5
5
34
3
71
2
13
7
13
19
16
2
61
9
9
13
1
77
76
53
64
61
23
63
37
5
43
73
18
18
19
14
78
74
56
6
30
79
14
22
12
4
45
17
16
30
74
0
61
0
0
8
11
15
6
26
8
26
16
18
9
14
60
13
0
7
18
55
7
8
46
67
41
42
16
66
19
23
7
13
3
12
0
6
26
18
18
62
12
29
9
59
29
10
50
9
10
17
16
12
56
2
47
9
15
30
2
67
3
67
36
4
53
48
65
13
52
6
3
67
67
67
62
5
27
14
17
9
27
42
19
15
29
0
78
5
9
7
2
4
18
22
45
10
16
10
15
14
7
19
12
0
74
18
6
4
10
53
9
11
15
13
14
29
72
7
7
17
43
69
8
64
29
55
15
17
45
3
0
50
18
57
15
51
49
1
16
4
24
12
17
23
19
42
56
15
67
70
15
39
6
9
30
3
46
38
67
0
13
0
42
19
0
0
15
73
4
41
18
9
9
6
19
13
12
22
64
47
54
7
49
34
8
43
13
75
15
4
30
36
51
6
30
16
44
15
55
3
40
57
6
7
0
12
48
63
4
2
49
18
3
51
13
14
14
17
15
12
75
10
4
8
71
48
13
16
36
8
16
0
6
6
17
17
30
4
13
0
62
19
18
15
31
26
66
7
61
8
8
43
1
14
8
66
2
11
14
52
17
48
2
56
36
15
9
6
18
10
13
18
67
0
9
12
53
10
20
9
66
62
31
16
5
43
19
6
78
25
29
51
17
8
63
14
12
69
45
52
11
59
27
9
10
55
5
24
20
62
0
16
75
15
19
0
0
10
43
12
11
23
6
42
31
17
1
14
47
6
