4
40
0.6
3
15
2
3
0
35
25
15
3
24
2
34
17
28
7
7
8
5
15
14
31
4
0
6
3
7
13
7
9
20
6
14
37
1
32
4
1
8
30
9
7
33
6
0
26
8
4
33
38
8
7
8
24
3
6
7
2
0
13
24
38
5
13
2
34
35
17
27
25
7
1
36
10
2
1
6
5
21
17
6
18
14
7
34
18
5
24
32
11
1
3
26
13
6
7
4
5
2
2
19
11
0
0
0
32
11
1
29
3
31
39
8
6
18
11
10
7
0
13
28
7
17
32
5
7
21
26
33
33
8
0
1
3
8
31
15
1
1
1
2
6
0
11
4
22
1
2
26
30
31
22
1
5
9
6
25
1
7
29
17
6
37
6
11
7
7
9
37
9
26
13
6
8
33
0
9
12
1
7
15
4
20
5
6
22
7
7
0
8
0
7
1
28
38
7
27
5
5
10
24
3
18
4
32
8
19
3
17
8
11
8
7
4
29
3
9
32
7
8
3
3
1
1
39
3
27
0
39
38
1
6
19
27
4
7
18
9
3
21
32
30
12
26
7
7
4
9
5
9
2
21
9
4
8
3
4
12
32
2
18
9
30
39
22
11
1
36
7
6
3
4
25
7
35
8
0
7
5
1
6
5
8
9
3
13
8
25
25
3
4
4
13
27
7
35
8
15
7
22
25
6
23
1
35
9
5
29
0
18
7
1
0
4
5
7
1
19
7
23
28
21
13
3
9
7
1
5
30
39
4
1
8
5
24
37
38
1
7
7
28
29
9
36
2
6
8
3
11
4
19
4
20
5
2
11
9
23
39
36
8
16
37
3
9
7
37
4
21
4
31
1
2
7
18
7
28
20
3
32
2
2
1
5
34
1
8
9
3
6
8
5
2
25
34
36
0
3
2
3
28
7
16
4
7
8
7
36
1
2
5
6
6
5
7
1
22
6
1
23
32
3
7
6
11
2
2
1
2
23
20
7
23
15
31
6
1
9
0
0
32
20
1
1
11
5
0
29
15
4
9
9
15
32
37
0
2
5
4
1
5
7
4
5
7
8
1
6
20
7
4
8
13
35
29
0
8
12
30
9
3
3
0
37
1
1
4
23
0
7
8
2
18
0
13
3
35
1
4
30
6
3
8
19
33
4
6
6
3
0
7
9
9
7
3
10
25
34
6
1
8
7
22
33
6
37
16
4
11
4
7
33
4
6
4
26
19
20
9
37
7
38
13
8
1
0
4
10
6
5
5
15
1
5
3
4
1
9
17
12
2
5
5
3
21
2
29
20
0
0
19
5
8
6
19
17
1
1
1
9
19
0
5
28
26
0
2
8
0
29
37
1
19
16
5
0
4
4
12
2
4
5
7
38
35
31
30
1
4
5
2
9
0
3
7
2
13
1
0
2
3
27
6
27
9
7
6
29
9
3
39
8
31
6
27
1
3
9
1
5
19
7
5
4
33
39
9
6
37
0
21
28
6
19
16
38
7
5
3
1
20
8
31
4
23
17
0
16
2
36
4
4
23
10
10
1
1
24
26
5
5
5
1
7
2
5
9
9
16
22
0
10
6
6
20
22
37
1
8
30
20
5
2
5
5
23
30
12
1
9
27
3
6
8
33
1
4
0
8
1
8
24
1
8
2
3
2
8
8
7
9
13
26
33
10
7
8
0
8
29
8
6
0
5
29
19
20
4
9
6
27
1
11
3
39
8
7
19
2
1
30
9
5
38
6
33
39
9
3
25
8
27
7
4
2
32
8
3
20
8
7
4
14
3
3
7
6
16
5
11
33
4
4
4
1
22
31
28
5
7
32
7
26
0
13
26
37
3
18
4
1
31
2
6
5
5
17
3
22
39
20
7
38
1
9
25
8
33
7
11
27
16
9
26
5
25
9
30
9
9
3
6
3
1
1
7
3
16
3
8
23
4
20
9
1
5
6
3
8
2
2
5
24
16
13
27
18
1
2
11
29
17
0
9
28
3
28
5
8
2
3
6
14
18
19
32
28
13
29
6
11
8
4
20
2
36
8
6
0
4
24
3
31
0
26
6
0
4
2
9
1
5
14
33
32
37
7
28
1
5
39
2
28
8
13
24
13
23
14
5
38
22
2
8
14
22
0
6
7
7
19
3
1
16
6
6
8
1
5
11
21
7
4
6
21
5
1
36
17
3
4
3
39
7
8
25
6
21
8
8
14
4
17
5
4
4
20
3
38
3
21
27
19
25
6
10
25
15
7
17
11
13
7
36
38
7
7
7
1
3
2
