16
40
0.8999999999999999
2
6
8
9
0
2
25
3
3
2
1
3
8
4
6
8
9
5
8
2
4
6
1
6
5
9
7
16
9
4
2
5
4
7
6
5
6
1
8
2
2
9
8
7
1
0
0
9
1
9
8
7
2
7
1
3
6
3
0
7
24
9
9
6
30
7
3
1
2
7
5
2
8
6
7
34
34
7
3
0
0
3
4
5
1
7
4
7
7
7
9
9
1
7
2
5
5
5
3
9
9
3
0
1
8
1
7
12
6
5
4
4
3
31
3
7
0
6
26
4
4
9
1
32
7
2
7
28
0
38
9
8
4
2
1
6
6
3
2
6
5
3
6
9
9
4
9
4
7
8
13
4
2
7
4
5
7
6
6
6
9
6
4
12
0
7
5
1
4
3
2
2
8
30
8
9
1
6
7
8
7
4
3
7
9
5
9
1
9
32
9
2
4
6
2
8
6
4
6
3
1
7
9
8
8
17
3
7
7
7
7
0
8
9
7
8
14
30
36
0
34
4
6
6
7
0
0
3
28
5
4
0
8
4
21
4
3
14
3
2
9
9
3
24
3
6
6
9
7
3
9
21
2
2
4
0
6
8
6
9
4
1
5
5
8
6
8
3
3
8
1
9
5
3
23
4
6
4
2
1
28
6
36
8
8
9
9
9
6
3
9
0
35
34
6
39
1
1
5
4
2
4
20
20
8
2
1
5
0
9
9
2
0
7
1
6
5
0
7
0
2
2
17
4
6
7
0
3
0
0
9
6
7
0
6
29
6
9
5
4
0
2
3
6
1
6
3
9
3
9
19
7
5
1
1
9
1
0
9
4
0
1
5
2
0
8
0
8
3
5
6
2
8
7
8
0
6
2
5
6
4
15
1
2
5
1
2
5
7
5
3
9
7
4
1
3
8
9
6
9
2
32
5
1
1
8
1
6
16
7
2
0
1
3
8
5
4
5
8
6
3
8
2
1
5
6
6
0
9
5
8
6
8
1
7
5
2
5
0
32
1
2
6
5
2
0
8
8
39
9
2
9
12
20
3
7
1
18
3
8
1
1
7
7
6
1
3
2
1
0
7
4
6
0
0
3
4
0
9
9
0
2
6
4
6
3
7
0
13
0
6
4
4
7
0
0
33
1
1
5
5
9
3
9
7
4
7
3
0
2
32
9
3
9
1
2
8
9
0
3
2
30
4
2
4
20
6
1
2
1
6
7
4
2
4
3
3
9
15
4
4
5
2
8
8
7
6
3
4
3
20
2
5
2
7
5
4
3
1
7
5
4
0
9
2
4
7
8
16
2
7
5
5
1
3
4
3
9
3
32
1
5
2
0
0
8
2
5
2
0
0
7
2
1
2
4
5
3
6
6
2
4
2
1
6
6
5
9
0
15
0
0
7
6
0
4
14
0
27
5
4
16
1
9
7
2
1
1
9
4
3
1
1
5
3
11
3
28
1
5
7
7
1
2
9
5
5
35
3
4
3
7
2
6
8
3
2
9
1
1
8
7
8
8
7
0
1
9
7
12
0
5
8
4
23
0
6
5
20
2
5
1
1
2
4
9
7
1
32
3
7
5
5
5
4
2
8
8
8
6
5
3
1
3
6
24
5
4
8
6
5
5
8
2
4
3
8
4
5
5
5
8
3
5
0
2
36
1
2
9
10
34
8
1
11
7
9
9
7
3
7
2
1
8
8
8
0
4
36
2
1
1
4
6
8
3
5
18
2
7
9
9
3
4
2
3
3
5
3
3
7
8
6
31
7
6
3
5
2
0
7
25
1
7
6
3
7
21
9
2
4
2
14
8
0
5
0
5
3
9
16
9
1
9
0
6
6
5
6
3
1
6
6
3
7
4
15
7
8
0
2
0
5
1
0
8
4
3
1
6
4
3
7
7
3
3
7
8
3
5
3
8
3
0
5
7
1
23
2
7
6
3
2
5
4
3
3
8
6
2
8
39
7
6
9
2
18
2
7
3
5
9
7
7
9
3
1
31
8
5
8
5
8
7
17
3
6
1
4
2
7
7
5
4
31
8
5
1
9
8
23
25
5
4
4
35
1
7
5
2
5
8
6
25
1
37
0
6
1
0
5
9
6
34
8
4
4
24
4
5
9
8
4
8
9
9
6
37
3
6
2
4
1
7
0
4
4
9
10
6
6
1
8
2
3
6
5
9
4
5
2
4
9
8
9
2
5
0
9
7
1
0
2
24
8
1
6
5
5
8
3
2
5
7
0
2
7
5
9
6
9
3
5
9
4
19
2
0
0
7
