4
40
0.7
6
9
8
3
23
33
7
4
6
38
30
5
9
1
17
1
32
9
2
4
3
34
7
3
4
8
0
9
8
16
9
7
39
3
6
17
28
23
9
8
38
7
6
1
38
21
22
16
9
0
16
1
27
3
19
20
5
18
3
8
5
8
14
12
0
28
19
22
9
9
10
27
21
8
7
8
7
7
34
18
8
35
9
0
28
2
3
0
5
17
7
4
4
33
1
1
29
30
35
7
38
5
3
0
33
21
8
3
6
4
28
5
24
0
22
7
39
31
5
8
4
24
1
2
35
1
22
8
9
6
2
9
4
6
6
7
7
23
8
8
1
37
3
22
0
13
32
2
2
35
1
1
2
39
2
4
9
0
0
7
8
3
9
19
9
4
1
15
6
12
2
7
2
1
8
0
29
0
5
2
9
3
28
6
25
6
21
5
4
7
18
4
6
6
23
0
3
5
1
28
7
8
4
7
12
3
4
9
6
6
4
6
8
36
0
2
9
8
8
0
3
28
9
8
3
5
34
9
5
1
8
15
13
28
4
1
2
19
37
23
3
30
6
15
30
8
8
36
6
6
30
6
14
5
3
2
21
0
2
6
25
39
26
19
6
7
2
5
6
3
5
2
3
5
6
7
5
6
0
0
1
6
35
3
4
4
2
4
1
0
4
7
19
6
2
14
17
0
9
0
6
3
1
9
2
3
2
3
4
20
0
0
5
5
2
1
5
5
35
5
4
8
5
4
5
2
4
0
32
7
2
1
13
4
9
6
1
24
8
11
34
3
8
1
0
20
6
5
1
24
0
1
9
5
0
0
5
30
1
3
9
6
8
0
3
34
36
2
9
33
12
0
2
29
0
3
35
2
32
2
5
2
4
2
1
7
9
30
4
3
1
31
7
1
5
3
17
35
5
2
2
3
2
8
5
4
39
4
16
37
3
1
1
37
9
5
1
9
30
22
1
8
7
27
8
14
1
2
13
8
10
1
32
0
17
0
9
8
4
2
2
1
2
7
27
25
3
8
39
1
3
4
2
9
8
9
2
2
25
6
8
6
1
15
4
38
17
6
9
2
1
5
4
24
18
27
4
0
13
1
5
3
6
7
22
0
0
7
9
5
4
0
13
9
23
3
7
35
2
6
3
7
16
0
2
3
3
9
5
2
3
5
23
2
6
5
12
28
38
2
2
0
8
6
11
39
2
23
4
9
6
32
26
9
7
23
3
1
26
3
32
1
0
0
4
3
3
9
26
28
5
38
3
1
0
17
5
9
5
4
8
15
7
6
1
4
5
4
3
3
0
0
1
6
7
12
0
8
0
23
15
5
8
34
8
4
1
5
1
30
16
9
6
9
3
5
20
0
13
37
5
1
2
3
9
8
10
1
8
2
14
3
16
0
28
36
27
6
8
9
2
0
9
35
9
5
39
1
7
30
10
7
37
1
8
4
37
7
2
1
4
4
23
4
9
6
23
33
4
0
6
28
7
5
13
6
3
6
9
4
29
7
26
8
19
33
5
12
7
33
5
8
2
8
6
5
31
12
9
3
8
9
7
26
7
8
2
16
3
39
21
9
6
7
8
6
3
29
6
26
6
16
2
7
1
3
2
6
8
8
3
9
4
3
21
7
7
17
7
15
5
5
12
7
1
5
14
18
22
21
5
28
1
8
1
23
32
1
4
0
9
7
2
3
15
4
13
9
4
3
36
27
5
7
7
18
9
20
4
5
8
9
9
0
0
2
5
9
39
3
4
5
28
25
7
9
4
7
9
37
1
21
8
18
3
1
9
7
8
7
9
0
37
4
0
8
29
8
17
26
36
17
2
9
6
18
4
4
14
5
16
2
3
9
11
5
29
32
1
7
9
7
32
2
7
0
4
3
6
31
4
1
6
0
7
7
8
10
28
2
4
3
7
7
3
3
32
4
11
9
33
6
2
7
0
3
3
20
2
10
3
8
3
35
35
4
34
22
7
2
7
1
11
3
7
0
4
20
4
9
6
2
1
3
4
6
39
2
9
2
7
5
2
14
11
25
0
9
19
2
5
3
3
9
18
0
8
9
35
25
6
3
4
15
28
7
10
8
0
13
7
7
37
1
32
1
9
2
3
3
12
7
1
23
2
6
9
9
23
1
0
7
0
0
3
12
5
9
3
20
8
5
33
5
3
1
4
7
27
37
39
8
9
1
5
4
17
1
18
7
15
33
4
0
5
3
7
2
18
2
4
5
9
5
4
3
11
5
8
1
6
32
30
6
9
7
1
36
4
9
