16
40
0.6
7
29
3
34
3
33
21
18
26
12
24
30
2
27
36
8
2
35
30
29
0
29
1
35
28
2
21
5
3
18
3
6
3
4
12
3
17
0
13
3
8
23
18
6
2
37
6
6
5
11
5
1
17
6
4
1
6
1
21
4
29
4
3
2
15
9
8
4
12
0
6
0
7
8
5
33
0
7
3
7
8
9
1
4
8
1
0
3
21
39
9
27
7
0
8
4
26
39
22
18
27
22
5
10
31
20
34
0
9
31
8
2
23
16
1
24
6
7
39
7
31
0
14
3
10
32
2
3
3
6
8
26
9
16
3
23
37
2
2
19
7
34
2
0
3
3
0
7
4
15
0
15
6
30
15
18
18
35
39
1
4
6
11
22
19
8
6
3
31
7
2
27
3
12
30
34
0
7
8
2
0
34
37
2
31
5
18
9
17
21
7
19
27
7
0
34
28
11
26
4
2
30
7
0
3
6
1
8
8
6
6
28
3
0
2
16
2
4
1
9
14
9
26
32
3
24
38
1
6
0
32
2
39
4
10
39
35
9
6
3
6
18
1
2
3
2
3
21
17
2
5
3
0
36
30
2
3
6
0
7
39
29
6
12
12
1
12
35
14
26
3
2
0
8
3
15
2
5
9
6
9
10
5
0
8
3
7
4
0
5
5
3
2
8
3
0
1
8
2
3
23
2
24
20
2
6
29
14
3
24
3
8
8
19
25
5
0
11
7
7
34
38
2
6
7
25
7
3
30
15
25
4
16
0
24
3
4
33
8
6
1
2
0
34
10
8
2
18
17
32
39
30
21
3
30
0
1
7
6
29
25
28
22
3
7
28
7
8
4
28
3
39
3
3
22
0
8
28
6
15
7
35
23
4
2
7
13
6
7
5
3
38
4
25
2
6
8
5
2
2
39
26
0
17
10
2
2
12
11
0
3
4
6
7
18
3
0
6
31
7
13
1
3
0
33
1
8
13
12
0
32
2
24
13
2
4
25
5
0
28
1
8
1
28
2
27
4
6
6
2
15
9
6
8
29
32
34
4
7
10
5
31
26
14
25
9
9
4
20
1
36
1
8
21
23
28
5
5
9
5
9
6
21
2
11
3
25
8
2
7
2
0
2
23
1
28
19
10
7
9
30
0
5
2
6
14
0
8
8
30
9
20
0
15
32
16
0
15
8
2
1
33
4
18
31
31
3
15
2
3
8
6
7
4
3
30
5
3
22
1
39
1
28
25
23
22
36
29
28
25
8
39
8
31
0
2
27
5
20
5
5
3
13
2
22
34
7
15
0
28
3
7
4
37
17
4
25
3
0
15
32
3
4
12
0
26
7
0
10
18
7
27
25
6
1
3
37
39
23
6
4
1
4
25
2
16
3
38
2
39
8
25
8
28
6
8
8
3
39
14
2
12
25
2
22
2
17
8
0
10
4
2
32
29
6
7
37
17
5
30
7
11
5
22
3
8
5
5
8
3
17
34
15
28
1
27
7
2
5
3
0
3
0
0
21
5
8
4
9
3
29
6
5
13
24
29
16
5
4
11
2
8
29
6
8
0
3
12
9
5
8
7
6
9
0
8
8
33
24
0
10
38
7
2
24
31
1
2
4
2
28
0
3
18
5
1
11
21
31
21
6
2
8
16
3
8
4
1
17
0
7
8
0
6
3
37
9
2
2
1
7
1
5
35
4
17
12
2
30
15
1
4
27
7
1
33
10
9
8
16
5
33
18
27
18
4
35
4
23
1
17
33
7
27
37
34
39
6
24
29
24
7
1
3
9
12
0
8
3
2
1
2
19
9
38
8
9
2
5
0
3
8
14
5
8
9
6
33
4
5
8
31
25
17
8
33
7
7
13
10
5
5
33
14
4
26
1
38
12
21
6
18
17
6
8
2
7
4
8
9
4
3
6
6
5
24
0
30
29
37
4
13
6
38
8
9
15
1
1
8
23
28
39
9
20
0
28
30
27
4
38
7
8
7
16
20
35
1
1
22
2
12
27
2
5
19
30
12
15
1
0
5
30
8
30
20
20
5
9
18
0
4
30
3
5
7
13
27
3
30
2
7
8
23
5
9
4
39
5
6
6
10
9
4
24
21
5
20
6
7
5
29
2
0
1
15
6
7
37
9
31
5
1
0
7
8
8
0
36
10
0
1
1
8
8
18
16
37
6
1
1
5
5
33
0
37
8
1
34
5
6
8
1
39
6
9
9
36
36
26
8
0
27
4
9
9
6
21
25
29
7
30
28
8
19
0
36
9
6
7
