16
40
0.5
2
15
0
4
38
28
5
21
9
24
9
3
30
5
32
35
19
36
3
0
22
2
6
12
22
3
6
7
16
37
1
2
33
23
29
30
39
24
15
8
0
11
8
8
36
2
33
7
1
9
35
39
16
31
9
6
10
8
3
6
17
20
18
27
25
26
15
6
4
13
8
36
3
23
23
14
39
1
28
1
7
31
7
27
9
4
27
5
4
27
17
4
31
15
11
3
3
10
24
7
31
2
31
1
2
7
4
6
31
9
4
12
5
2
5
22
4
33
38
10
0
24
38
7
19
3
22
6
2
20
6
27
16
19
35
0
27
23
2
5
8
8
3
2
25
17
39
0
17
21
16
2
17
18
28
1
10
4
37
16
4
2
8
33
25
15
32
35
23
3
7
4
8
3
31
10
11
2
23
13
0
8
7
9
32
7
4
22
29
2
2
31
3
30
30
1
28
5
0
5
3
31
18
31
9
26
37
30
0
18
5
27
1
15
30
7
4
3
18
21
4
3
7
4
39
6
26
30
25
34
9
31
18
2
11
3
3
8
6
1
16
1
5
4
3
20
5
10
1
34
14
3
20
1
38
30
2
24
6
24
6
0
6
12
29
17
33
0
15
1
34
22
25
25
15
0
9
7
7
13
18
29
28
3
38
22
2
3
35
7
9
38
27
12
37
0
4
21
8
2
3
37
5
1
33
6
37
8
9
0
38
12
15
5
26
18
29
28
1
4
4
2
16
7
24
27
8
38
38
9
4
14
0
16
12
35
20
27
5
7
32
11
34
9
7
0
26
7
21
24
11
6
6
16
17
8
5
11
0
0
21
32
4
36
12
28
19
16
23
4
7
6
25
16
22
7
0
1
23
2
0
34
28
39
38
2
26
24
7
35
24
4
14
3
5
17
5
19
2
30
7
9
5
17
12
12
35
23
27
6
8
37
15
24
22
10
7
1
30
19
13
14
7
4
6
33
0
9
23
16
18
34
0
10
13
15
8
7
6
9
0
29
6
0
3
27
22
27
8
2
9
20
22
1
31
3
5
9
5
7
12
8
2
13
21
16
9
7
1
32
26
1
9
22
34
7
28
4
22
24
4
25
12
11
7
36
1
15
5
15
9
9
28
23
25
1
2
2
23
27
33
0
29
2
7
23
3
9
3
22
8
27
26
0
18
17
33
26
14
23
32
36
29
18
5
0
30
6
22
7
8
35
7
10
2
3
35
23
27
7
5
3
8
8
7
7
2
3
31
15
25
27
3
0
3
1
26
3
1
22
9
3
0
13
3
7
2
7
32
5
37
0
3
20
23
25
38
8
4
19
4
9
28
1
9
3
19
12
23
11
29
19
6
8
38
28
17
33
33
6
9
9
9
9
7
30
3
7
2
2
7
4
20
13
6
36
3
5
19
29
2
23
5
5
1
9
20
10
27
18
29
9
38
4
31
28
7
12
13
39
0
4
7
36
5
38
24
7
7
13
5
4
26
8
6
22
2
7
7
6
30
0
8
21
23
0
3
1
25
30
2
11
30
30
8
1
29
9
6
12
27
4
36
21
8
4
6
24
30
19
35
3
6
22
11
39
19
18
4
9
17
37
36
8
1
6
10
4
19
8
4
17
38
8
6
18
2
20
6
30
13
8
11
35
6
28
24
14
3
0
39
4
12
34
25
6
3
9
9
35
26
3
0
0
12
28
12
2
1
28
7
1
25
8
12
3
35
23
37
28
0
7
1
3
5
7
15
0
9
30
13
8
25
6
25
26
39
10
28
26
3
2
3
3
28
12
21
7
4
25
6
20
4
3
31
31
2
33
14
0
24
9
8
35
8
1
30
17
35
19
35
33
12
4
0
14
6
27
31
37
5
1
6
7
21
1
8
5
36
2
5
33
3
26
22
9
2
20
2
0
29
36
30
7
1
15
35
8
6
6
7
18
7
5
6
6
32
15
13
22
5
16
6
0
9
11
6
13
12
2
9
0
31
1
0
5
31
33
8
14
13
36
4
1
19
34
0
3
36
13
8
0
5
21
8
1
5
38
26
10
35
3
3
16
13
5
26
6
5
27
6
17
27
22
33
34
11
32
7
26
20
1
24
5
3
0
5
6
4
5
8
2
7
1
18
6
4
34
29
35
34
0
14
7
11
28
1
1
30
16
34
4
2
0
25
24
9
0
2
29
10
1
4
20
15
38
2
11
0
8
24
20
6
34
35
34
4
22
31
1
3
37
6
32
36
5
7
7
29
14
8
9
6
10
9
30
16
18
11
33
