16
40
0.7999999999999999
34
5
3
34
23
5
1
39
30
3
5
9
34
8
7
8
7
8
8
25
7
30
6
0
6
0
1
8
2
7
1
8
9
9
38
26
9
4
7
25
26
21
4
0
8
4
5
0
8
1
12
8
6
3
6
5
2
24
1
19
4
23
2
0
2
20
0
4
8
4
7
37
0
1
6
36
3
5
4
3
0
0
5
2
2
4
3
4
1
5
3
0
11
26
25
6
35
0
4
6
0
2
27
6
0
6
1
5
8
34
1
4
1
3
1
3
9
0
4
5
8
3
7
5
2
30
7
4
2
1
8
9
0
2
29
7
3
7
2
3
4
3
0
22
3
1
23
8
4
1
5
7
1
4
9
7
8
6
5
6
4
4
6
4
32
25
8
11
0
5
1
4
9
32
0
2
0
36
2
6
39
2
1
1
2
15
5
1
37
3
5
2
1
6
14
9
6
1
0
0
2
2
4
2
4
23
1
4
34
19
17
4
5
4
0
1
6
3
0
36
9
30
2
9
5
4
1
9
6
1
0
9
5
0
7
0
2
3
5
23
0
6
2
2
36
7
14
2
7
4
8
7
7
8
2
3
27
3
4
3
22
3
23
6
6
4
9
4
7
9
31
18
0
3
1
1
7
9
3
21
12
27
24
0
8
18
1
4
7
6
7
38
9
4
7
39
28
1
10
2
30
7
6
8
37
7
0
4
7
16
9
6
0
32
1
37
0
4
6
4
18
9
26
0
2
3
5
5
7
0
23
3
0
7
17
9
9
1
0
5
1
1
3
6
3
5
5
0
8
1
3
1
1
6
17
8
6
7
1
6
10
2
7
8
1
7
2
9
1
6
24
2
5
39
2
0
6
23
9
1
2
4
4
4
17
0
3
0
3
5
2
6
2
15
1
2
6
3
5
5
9
9
9
5
14
4
23
3
0
5
1
3
10
7
7
10
36
9
11
4
3
5
1
8
2
6
7
3
4
9
4
1
3
1
17
7
3
7
22
0
3
0
7
9
1
9
34
4
5
6
38
3
2
7
7
3
8
31
5
38
0
8
8
9
8
2
4
3
5
8
29
5
0
8
7
8
33
9
8
17
2
15
19
2
4
20
6
4
6
39
4
6
13
4
9
3
7
4
0
6
1
3
1
2
6
7
1
8
20
3
7
14
3
2
7
1
4
5
6
11
6
18
4
1
0
5
6
8
7
9
6
6
7
5
19
5
0
5
23
7
2
1
5
7
6
14
8
20
1
8
36
5
3
0
3
7
5
22
3
28
5
7
4
5
36
4
11
36
4
9
9
2
27
8
31
6
2
0
3
7
35
38
6
1
9
12
9
0
9
0
9
3
21
2
38
3
5
5
4
9
17
6
7
9
2
1
33
7
9
5
1
4
3
8
2
3
19
34
3
17
10
5
1
23
2
7
1
0
27
24
6
3
3
5
9
5
7
6
9
9
7
6
3
3
6
7
28
4
6
1
5
9
3
9
1
8
7
5
4
6
19
5
5
10
1
3
0
6
9
4
31
2
6
3
3
6
25
18
6
20
1
4
6
19
6
4
8
3
7
27
6
3
14
7
4
8
3
9
8
14
9
9
1
9
6
2
33
4
0
3
9
7
5
9
0
2
0
4
8
0
3
6
20
2
8
1
6
2
0
4
35
5
3
6
22
27
36
2
23
0
12
2
9
8
4
19
0
39
25
2
6
3
13
4
24
27
4
6
2
5
0
39
6
2
1
2
7
8
7
6
6
6
7
6
0
0
10
9
4
6
4
5
3
8
0
7
5
9
4
0
0
5
6
8
6
9
9
3
5
6
6
18
9
8
0
33
6
35
4
8
0
9
3
0
35
5
3
9
9
33
4
1
5
2
5
7
3
15
7
2
34
5
3
3
4
3
22
2
8
3
5
9
1
1
1
9
9
6
0
37
4
0
7
5
7
2
3
23
2
2
9
1
2
9
5
4
18
0
2
2
9
8
2
8
2
5
36
5
4
29
2
13
5
7
9
2
9
0
7
0
0
1
7
6
1
1
4
39
5
2
1
4
1
0
9
33
0
36
0
18
31
6
0
2
5
2
1
0
4
0
7
36
16
7
38
5
23
4
5
7
3
4
0
1
9
14
5
0
8
9
6
2
3
14
7
0
5
0
7
7
0
6
26
7
7
4
8
3
8
7
30
1
6
3
1
0
24
28
4
6
11
1
6
30
7
9
19
3
1
3
1
24
0
0
3
8
5
8
4
2
7
5
8
3
7
0
8
7
4
5
