16
40
0.30000000000000004
7
1
18
2
32
37
6
26
14
22
17
25
16
36
9
32
8
10
2
3
7
7
0
35
24
18
16
24
23
22
23
20
39
31
5
2
16
3
17
29
33
0
5
23
11
15
25
8
11
37
8
14
37
26
2
32
12
14
31
32
39
5
2
3
18
20
37
5
2
3
32
30
31
12
15
4
1
4
15
15
31
8
12
4
28
8
3
19
27
19
39
4
19
0
32
30
19
12
8
32
35
19
7
27
36
14
26
30
4
0
21
9
10
36
37
17
10
24
19
29
6
21
9
38
8
11
21
2
22
27
23
34
20
11
11
13
14
6
13
30
10
14
33
15
15
12
26
19
6
19
19
6
39
4
25
14
2
9
24
6
19
2
39
32
7
4
20
32
33
38
38
7
10
33
32
5
0
35
17
35
15
29
35
36
10
37
32
33
23
34
33
2
4
15
27
33
2
29
28
7
10
4
14
10
6
0
32
30
19
31
32
1
6
27
30
9
21
34
34
15
36
0
38
19
32
2
27
19
0
0
29
21
5
27
6
13
25
12
1
39
5
5
38
7
12
0
13
10
24
31
1
23
25
29
2
0
35
37
13
0
20
15
29
6
11
29
25
5
0
10
20
34
21
5
16
4
20
32
28
24
0
27
3
25
25
1
34
21
37
7
33
34
23
14
6
21
34
14
4
28
3
0
32
3
0
13
11
22
2
1
19
22
21
13
17
39
8
32
5
19
10
9
38
0
36
16
21
26
14
6
29
21
22
4
10
36
0
0
29
9
1
28
26
9
22
26
39
22
32
1
3
7
6
5
22
2
17
0
2
10
9
36
34
34
34
32
30
4
26
5
21
39
38
22
23
2
34
7
10
1
18
6
31
28
21
8
9
21
4
34
20
5
21
6
14
31
15
4
6
3
1
2
17
5
35
7
21
2
30
3
0
26
34
25
18
8
3
25
33
37
21
9
31
15
0
10
31
35
34
4
6
6
10
2
26
21
24
7
5
18
38
28
21
31
28
20
4
22
27
29
1
5
25
23
10
32
9
17
37
36
0
29
14
30
8
1
3
4
19
4
21
26
14
25
21
35
19
33
8
4
35
1
8
6
20
36
11
3
7
36
0
4
9
23
2
36
14
8
0
16
38
0
20
20
31
8
16
13
5
0
34
10
0
36
28
39
36
16
15
11
17
7
9
1
36
21
36
7
32
39
33
8
38
34
1
17
30
16
16
30
20
19
37
28
7
38
10
34
2
11
38
17
2
36
2
8
32
18
33
9
24
34
1
33
2
36
28
35
12
0
4
7
34
24
27
31
25
23
25
0
18
28
6
25
8
34
3
14
35
4
3
3
26
11
26
18
26
29
34
12
26
27
1
6
26
3
6
11
37
26
21
12
36
29
30
25
34
22
28
39
16
5
2
11
2
15
37
13
13
6
38
10
35
10
30
7
15
27
30
28
5
29
11
12
29
6
3
18
4
8
7
19
18
5
24
25
19
16
12
6
14
24
30
0
21
4
22
32
9
8
7
30
9
18
28
7
25
32
14
0
38
38
38
19
17
37
24
18
5
39
20
9
2
13
33
8
33
38
7
17
17
34
9
33
36
2
24
4
10
35
4
22
9
33
6
20
32
29
17
4
22
38
12
34
1
28
27
22
19
5
25
2
13
9
32
36
38
25
8
4
11
5
8
3
11
11
35
37
3
16
11
17
19
4
14
32
1
21
26
1
5
3
3
39
7
38
24
15
15
23
16
4
4
2
13
0
21
39
37
37
13
27
39
4
23
5
5
10
4
0
31
32
33
3
24
36
0
21
2
4
4
26
36
17
12
0
13
3
13
3
29
4
9
3
19
1
13
10
9
6
10
31
22
23
7
35
0
7
2
11
12
6
17
35
29
19
0
2
34
3
9
23
5
8
21
32
17
0
20
7
37
29
0
29
29
8
33
14
32
27
18
34
6
23
7
28
0
9
31
5
6
31
8
21
18
10
38
25
3
10
23
19
39
6
15
28
27
11
33
6
22
39
23
30
30
8
36
26
2
2
19
9
10
25
1
32
6
0
33
1
38
33
3
2
7
17
24
34
18
32
26
10
19
7
34
8
30
27
23
34
19
3
6
11
36
4
5
38
4
5
14
7
39
3
5
0
28
1
29
36
0
13
15
12
38
13
36
6
17
28
37
10
31
22
26
7
3
30
20
11
30
5
36
3
1
24
0
17
15
31
29
37
9
8
35
36
23
37
0
8
32
32
34
17
12
17
18
6
9
13
