8
40
0.6
27
10
33
28
19
29
5
21
10
2
16
3
14
19
21
38
8
0
2
9
4
2
1
15
7
1
14
14
34
6
0
19
8
16
24
23
9
24
12
15
6
9
6
3
6
4
5
29
33
5
1
1
24
3
2
18
6
11
2
0
2
29
4
3
3
32
9
29
9
8
17
0
1
0
4
2
4
0
15
34
21
38
29
3
23
37
18
9
27
1
8
24
1
1
5
5
4
5
20
16
20
5
1
19
37
31
39
6
15
11
2
20
9
4
3
0
1
6
3
1
7
39
9
8
0
9
7
4
8
5
14
1
4
37
9
6
34
1
3
2
36
8
24
12
3
3
23
2
34
18
7
21
2
6
1
9
20
1
0
23
30
5
8
9
3
12
37
27
23
9
19
4
9
2
1
4
7
0
13
30
5
2
29
24
17
33
7
3
15
18
0
2
2
2
28
0
31
7
20
18
12
34
4
31
3
0
0
0
5
9
11
1
13
3
27
9
3
25
1
9
8
13
9
1
7
1
3
4
0
5
35
33
6
39
9
2
3
3
0
8
9
0
36
23
7
9
14
6
15
26
15
9
5
7
6
22
2
8
36
2
4
27
1
7
34
8
13
4
33
9
1
20
4
1
0
6
7
34
18
8
7
2
7
27
3
38
10
25
0
8
7
1
8
13
18
30
0
17
39
5
36
3
6
23
0
5
9
7
39
4
11
7
15
23
6
4
5
29
20
11
3
7
6
14
35
8
23
8
6
20
4
7
5
36
2
21
24
5
6
15
1
36
34
36
1
37
3
24
5
5
8
39
2
9
7
29
15
7
16
7
6
37
2
22
3
4
6
0
8
16
4
1
8
32
3
21
19
35
28
34
25
4
29
3
2
18
6
4
39
21
4
1
39
9
22
0
16
34
14
7
36
25
3
5
27
3
6
17
1
20
36
12
0
1
5
7
9
4
5
39
32
4
3
4
4
0
26
1
9
5
1
5
2
1
4
1
28
7
15
9
1
15
6
14
37
7
18
34
7
21
9
0
4
3
28
3
8
3
26
26
35
1
9
7
35
7
9
17
17
6
30
39
5
9
27
23
8
1
6
8
8
1
12
0
4
31
1
9
35
6
16
9
1
6
6
29
31
12
0
17
7
25
24
1
33
0
2
29
9
24
1
1
0
12
5
0
27
1
27
2
1
12
26
6
4
27
2
9
21
6
9
14
20
6
18
27
9
35
4
16
6
1
4
9
8
6
9
7
18
15
7
23
4
27
25
7
6
7
9
1
1
0
10
0
3
13
2
7
7
18
0
8
4
6
0
3
7
32
8
15
4
5
1
5
24
29
20
1
36
4
8
5
19
9
8
7
39
35
16
17
1
5
0
35
4
8
7
22
38
3
16
4
26
0
37
8
0
5
3
6
26
29
13
9
7
37
1
16
7
7
23
4
0
6
5
1
32
6
14
4
26
9
1
13
6
30
5
7
15
2
16
23
7
26
38
12
4
36
8
1
1
4
35
7
7
26
14
20
0
3
0
5
19
15
8
6
27
5
2
10
8
2
28
2
19
15
32
6
0
6
1
22
36
6
9
16
3
1
4
4
5
7
20
9
20
4
10
39
30
9
9
2
18
1
30
1
3
9
0
7
3
21
4
34
8
10
8
3
24
29
3
4
30
6
2
0
1
14
4
17
11
6
0
5
9
1
7
5
26
0
4
9
0
15
5
3
0
1
5
1
6
9
2
28
22
30
37
22
35
4
16
1
5
1
37
17
6
3
26
4
9
2
9
1
27
30
25
37
8
8
26
0
9
5
32
23
2
4
39
28
9
32
39
2
30
39
3
0
1
6
12
2
2
0
5
6
8
23
8
7
9
7
1
3
4
22
33
7
2
2
1
30
3
2
5
16
9
3
0
6
34
9
35
8
26
24
8
2
23
28
4
13
12
6
25
24
7
3
33
4
9
8
22
28
9
3
3
23
4
18
30
7
1
0
31
7
7
6
4
18
2
4
4
25
6
6
25
9
7
33
6
0
28
27
2
35
34
24
1
2
19
36
24
7
1
27
39
2
0
2
19
6
14
27
8
5
17
8
37
31
7
9
27
1
0
12
20
0
8
15
0
15
4
9
5
39
0
22
4
8
6
6
9
6
17
0
6
3
37
5
3
4
14
31
24
0
5
8
33
2
6
11
39
4
33
23
1
9
27
2
5
0
0
3
1
20
34
3
33
0
0
3
3
5
3
33
6
38
5
7
0
29
4
0
14
7
0
1
14
7
