4
40
0.7999999999999999
3
0
23
8
28
6
0
8
1
18
4
4
3
28
19
5
0
5
30
5
36
1
0
8
4
4
1
8
9
28
0
5
7
9
2
6
2
12
0
6
12
4
4
4
9
2
1
6
2
7
5
7
2
1
0
6
29
2
5
1
0
9
31
8
7
5
0
6
1
0
10
3
29
5
2
5
13
7
9
21
7
2
4
3
2
8
9
5
2
2
29
8
0
3
2
36
18
1
1
6
5
5
7
6
1
0
6
21
5
2
4
31
4
7
0
1
36
8
6
2
29
2
9
9
1
1
36
1
1
5
5
26
5
1
28
12
8
39
9
1
0
23
6
5
6
5
7
2
0
9
2
7
6
18
2
1
0
30
11
3
6
27
9
7
7
3
0
4
0
1
3
3
4
0
12
9
7
2
5
4
2
9
2
2
6
9
22
30
38
2
31
8
1
5
8
7
1
28
9
1
9
0
5
9
4
1
6
1
6
5
3
10
39
0
4
0
28
3
8
6
5
4
1
2
7
2
3
8
8
3
7
0
8
37
5
3
15
11
5
6
3
2
7
1
4
3
3
16
1
9
2
7
2
5
15
26
2
6
6
0
3
5
2
9
24
30
6
8
5
26
5
9
4
1
2
4
6
26
6
6
3
9
4
7
0
16
0
3
6
1
6
24
6
9
8
6
19
3
3
6
8
30
9
0
7
6
2
2
8
1
30
12
14
9
8
9
5
1
4
9
5
7
16
2
13
4
2
17
2
3
38
2
4
0
5
0
5
34
0
6
33
19
3
2
0
1
15
7
1
20
7
6
6
38
0
3
5
7
8
0
1
24
7
3
8
4
5
5
8
5
34
6
4
3
9
8
2
31
6
1
9
7
7
8
6
26
7
8
18
12
6
19
24
9
7
3
9
3
11
2
7
4
7
6
8
38
6
5
9
9
10
5
7
38
9
23
17
1
1
7
12
1
2
9
30
18
3
19
8
7
4
5
1
0
0
2
34
16
9
34
7
4
20
34
15
3
4
8
13
7
35
4
3
6
7
36
5
7
4
3
9
9
36
7
21
6
37
6
4
6
1
5
3
9
4
0
31
36
0
1
0
1
27
0
37
5
12
20
2
6
6
7
9
0
21
3
4
4
6
2
8
2
18
2
2
4
5
2
6
8
2
3
10
4
2
1
23
8
8
9
4
4
0
2
0
5
3
25
9
5
4
37
2
3
0
0
32
3
24
5
1
8
16
9
38
0
6
2
1
9
20
6
8
4
14
7
6
7
3
5
1
38
9
8
0
9
8
8
0
14
9
1
17
7
35
19
1
2
8
2
7
24
6
38
8
2
4
4
8
6
2
7
8
7
7
9
7
5
9
7
4
0
37
19
0
0
9
5
8
8
0
18
8
4
7
6
21
4
10
14
8
25
9
5
33
39
6
3
18
0
4
1
10
2
3
4
6
5
12
8
9
9
8
6
34
0
16
9
5
34
4
7
6
9
4
4
3
6
7
0
6
2
12
6
9
7
8
1
8
7
6
8
0
5
30
0
6
0
6
29
3
4
18
10
6
31
0
0
5
9
1
2
0
2
7
11
4
31
8
15
37
3
9
24
5
4
6
3
2
3
29
0
9
2
7
6
32
8
4
0
28
0
6
0
3
1
13
28
8
38
3
6
9
9
2
17
36
25
7
0
2
25
24
1
4
9
35
2
6
8
0
23
1
3
0
9
4
27
7
6
22
5
2
8
0
2
6
9
8
2
33
9
1
3
5
1
2
1
25
8
3
3
1
24
8
3
4
4
5
8
3
1
31
5
27
2
6
1
3
39
8
4
23
9
5
5
1
3
6
8
4
9
7
4
3
4
4
31
4
2
6
12
20
1
3
11
8
8
3
28
5
16
4
2
1
0
6
32
6
3
5
3
3
6
3
6
8
2
2
5
2
2
7
2
4
4
1
2
7
0
8
7
3
14
7
23
4
0
8
6
23
6
3
26
6
8
4
0
3
7
8
32
0
7
7
0
20
8
2
6
6
2
10
1
0
30
3
3
6
37
3
3
0
17
5
3
0
34
7
7
2
5
31
0
7
0
27
0
34
2
9
29
3
7
1
12
0
5
3
7
2
6
25
4
9
0
1
6
9
8
1
0
2
0
3
14
9
2
0
6
7
3
8
12
12
8
6
7
34
9
4
0
26
0
7
3
10
7
0
1
35
30
2
1
3
7
2
2
3
3
4
4
1
0
8
8
5
8
3
9
0
9
9
14
1
29
3
2
0
32
