4
40
0.1
21
31
33
29
25
25
13
9
25
36
24
20
38
19
31
12
7
25
11
22
39
13
27
3
0
4
16
34
24
16
34
28
17
24
23
26
23
11
13
15
26
33
7
21
34
20
32
34
29
30
12
21
24
17
19
16
16
17
1
0
30
12
21
27
32
26
23
12
26
15
15
17
23
0
21
21
15
22
39
2
12
22
20
12
30
29
27
9
37
8
24
32
31
0
30
18
28
11
36
15
18
13
38
26
13
1
34
37
34
7
20
27
39
4
11
25
4
38
12
4
10
32
5
25
28
30
29
24
30
15
14
13
14
17
26
12
10
31
23
26
18
26
19
30
36
21
8
20
16
28
39
19
15
35
33
12
35
19
33
32
10
31
13
10
36
26
31
34
35
25
29
19
15
30
37
26
12
12
33
19
17
26
38
28
13
28
22
36
19
27
14
15
34
28
10
20
23
15
30
19
38
34
28
18
39
38
31
38
26
19
19
32
23
6
18
12
22
9
31
31
22
36
3
33
28
22
27
25
38
13
16
16
11
36
5
10
18
34
35
32
10
21
23
17
25
15
36
8
31
23
35
11
11
13
25
10
14
36
9
21
37
4
34
35
23
27
32
14
26
36
13
32
9
21
27
10
37
26
16
10
32
11
0
34
6
9
28
25
22
24
10
30
11
16
26
27
0
35
21
37
23
20
9
36
34
38
33
26
37
30
25
39
2
26
6
32
20
28
15
18
36
36
36
33
23
27
15
28
14
17
33
31
31
31
27
39
30
34
27
13
30
5
28
16
13
2
35
39
6
15
22
26
16
28
26
38
27
30
17
17
37
26
18
27
13
1
32
17
30
13
1
16
17
32
13
28
19
15
16
28
38
17
3
12
27
23
21
12
18
39
38
28
0
13
23
33
30
12
13
31
31
15
20
17
26
10
23
13
11
39
19
14
14
5
30
36
26
11
27
14
8
36
17
12
37
29
38
16
27
32
12
36
32
34
25
37
22
32
30
1
30
18
35
13
36
13
38
26
1
22
38
33
11
16
10
35
29
26
28
14
15
29
34
15
29
14
9
34
33
5
36
21
33
14
8
26
27
20
5
38
34
23
38
31
11
31
36
24
12
24
25
26
15
17
21
24
19
33
21
10
25
34
33
36
18
32
22
26
21
13
32
30
30
25
36
22
29
32
21
21
35
39
38
32
23
17
32
32
29
28
26
24
23
14
15
39
18
33
12
34
17
23
29
27
18
38
32
25
15
26
37
21
21
36
26
38
17
21
31
21
29
18
34
30
28
37
6
30
17
15
5
13
38
13
18
21
32
4
21
4
24
0
34
19
39
38
16
29
15
34
11
38
22
30
23
13
12
37
33
16
11
21
9
37
1
0
29
10
35
11
22
36
13
18
22
3
33
18
16
20
1
29
5
27
1
24
26
34
11
31
14
22
37
0
27
34
18
8
33
4
11
39
22
19
17
33
10
33
34
10
12
39
26
4
34
25
16
30
10
34
36
19
18
27
24
30
21
15
37
25
29
38
22
32
33
28
31
19
39
21
12
30
37
21
15
9
34
32
16
13
34
37
15
28
35
29
33
33
26
26
22
34
20
30
32
26
34
23
10
20
28
39
26
36
15
39
19
22
18
20
36
11
31
38
7
10
23
39
23
32
33
18
14
36
39
22
27
26
37
10
25
26
24
0
13
29
7
16
30
13
1
16
19
29
26
21
26
35
37
32
25
19
17
11
25
6
34
32
15
32
18
18
17
20
13
12
33
2
12
11
28
11
27
24
34
24
12
10
10
39
13
25
28
10
6
18
39
22
17
37
31
18
18
35
12
22
18
22
27
20
13
27
37
20
30
10
39
16
1
17
33
20
15
35
38
31
13
35
12
27
34
14
12
12
18
1
32
19
36
22
28
36
20
5
13
35
37
12
36
36
30
34
34
23
20
29
19
16
26
25
23
8
18
20
12
19
31
21
33
35
12
17
14
22
37
36
2
27
37
34
34
30
30
17
27
35
14
37
15
30
20
23
34
38
30
23
23
39
15
25
30
33
17
17
25
31
25
14
11
22
27
28
28
19
18
21
34
34
19
12
27
20
26
7
15
15
18
12
31
4
21
19
35
2
11
29
20
16
25
13
37
22
10
36
23
27
32
37
8
7
38
6
20
34
35
13
6
35
6
10
26
34
14
27
28
20
22
38
22
29
10
21
10
26
33
5
11
10
28
38
20
36
21
33
10
34
30
13
29
37
29
34
24
33
30
35
21
28
30
4
