8
40
0.6
9
27
10
9
7
21
7
15
32
34
0
26
24
13
27
0
21
2
9
29
5
6
5
30
7
15
33
31
13
8
4
7
9
6
19
31
3
8
1
2
8
31
24
0
2
3
8
9
8
3
4
9
8
2
3
17
18
6
3
38
11
0
1
1
1
14
5
9
16
6
2
9
16
2
24
18
35
34
32
12
29
38
7
17
29
3
13
3
0
7
3
30
16
27
8
3
11
4
9
3
30
8
11
9
8
5
8
34
9
6
33
2
34
39
10
4
13
9
1
1
4
24
18
0
26
1
26
0
9
2
0
2
9
16
8
8
4
4
8
6
9
6
6
34
6
6
4
34
0
0
21
39
5
23
10
2
28
2
2
4
2
0
3
9
0
5
31
5
2
5
10
2
12
6
39
15
3
19
2
6
7
32
6
16
29
2
18
4
2
4
10
6
28
1
3
18
8
4
9
23
4
1
22
7
19
15
32
4
2
31
36
37
3
7
1
16
6
0
21
8
1
9
4
4
1
7
3
1
13
3
5
6
7
25
7
8
17
35
9
24
8
7
8
5
27
31
6
4
9
9
6
8
3
1
21
8
4
28
1
16
35
32
0
8
8
28
0
37
6
1
10
13
35
9
6
0
0
4
9
6
23
38
8
9
5
17
4
10
2
29
1
0
6
1
8
22
10
2
14
32
36
31
3
0
9
33
2
4
33
6
24
4
6
7
37
8
1
26
6
9
14
3
2
0
5
38
5
2
6
3
1
0
23
9
39
9
4
5
28
9
0
0
9
8
6
15
22
17
2
3
5
33
8
4
21
32
19
7
8
0
28
4
0
0
5
27
8
21
20
7
2
3
26
21
24
12
14
35
9
19
21
14
1
18
36
20
28
5
38
12
8
3
14
1
20
9
5
16
6
9
24
19
27
10
1
6
8
27
30
4
38
3
18
3
22
30
11
7
1
7
4
32
29
3
11
2
21
26
7
6
14
19
29
35
7
30
16
9
2
0
15
4
35
10
0
5
27
7
0
8
39
11
16
26
38
9
3
3
9
4
4
37
7
1
2
3
7
8
24
19
3
6
6
7
9
16
31
27
7
8
7
6
5
8
5
25
4
10
7
1
38
2
9
13
39
1
31
25
5
3
2
2
19
6
6
39
7
2
1
4
32
8
2
22
12
8
0
8
3
19
4
22
31
2
37
6
2
2
3
4
10
37
12
16
3
7
5
0
6
8
17
4
12
4
7
1
22
8
29
14
11
22
2
0
6
6
7
9
1
27
3
9
34
7
2
15
7
21
5
8
3
9
3
9
37
8
27
5
1
7
5
0
6
36
20
2
34
6
23
13
9
18
0
5
8
8
24
2
8
9
7
26
1
2
2
7
24
9
26
34
6
9
0
5
4
13
34
10
3
21
7
2
4
8
26
4
29
33
0
8
3
6
13
5
1
6
3
9
5
6
4
0
36
28
12
12
18
29
1
9
9
0
9
31
0
35
14
20
2
12
35
33
2
0
26
2
0
6
11
38
0
1
5
11
32
27
30
3
22
38
8
29
32
32
4
27
7
3
2
10
2
35
23
2
5
2
8
6
2
4
37
30
4
8
3
16
0
7
5
5
7
5
6
13
3
6
9
0
2
29
15
34
9
1
10
32
6
9
8
34
8
4
5
20
5
6
39
8
2
23
23
0
30
11
4
6
30
1
4
37
9
2
5
38
0
8
24
20
5
26
3
0
7
1
4
6
30
6
25
1
0
20
10
0
17
1
32
6
25
28
3
2
38
18
11
23
1
29
22
5
10
36
20
16
29
1
23
29
5
27
36
0
27
24
12
8
37
8
9
3
9
6
17
33
10
0
6
17
23
1
2
19
35
27
28
3
11
1
20
1
28
1
1
4
4
3
16
5
12
1
14
34
7
34
25
30
37
3
18
16
7
39
1
1
32
8
18
1
4
16
2
21
5
12
12
12
7
8
18
7
5
2
25
10
14
2
25
31
38
23
6
0
9
6
1
1
2
7
5
27
8
21
3
12
35
39
8
7
15
3
11
23
16
6
8
1
4
13
4
2
5
2
0
25
20
30
0
0
9
10
7
0
7
3
18
6
26
24
2
1
9
8
5
23
2
1
1
35
1
8
8
2
32
36
34
20
3
29
26
1
23
1
3
5
0
5
28
1
22
20
5
39
30
7
36
14
9
7
2
4
34
1
7
2
7
3
0
2
9
2
2
18
4
27
19
7
0
3
24
1
6
3
36
1
9
1
3
28
2
9
