4
40
0.4
13
32
1
10
11
4
31
18
36
38
4
8
1
2
6
39
6
35
31
3
12
3
3
19
29
1
5
20
7
6
5
16
23
9
18
20
35
4
39
3
32
7
32
13
7
0
6
32
21
39
7
16
19
0
0
9
2
21
4
1
3
29
38
5
16
18
2
0
37
32
4
26
18
4
26
9
27
36
8
22
5
31
5
23
14
16
1
29
20
28
6
10
18
33
29
8
17
3
38
38
1
23
38
11
21
38
8
33
6
35
9
8
26
10
11
23
11
36
18
23
25
18
0
23
23
5
8
16
14
22
32
17
8
10
27
20
37
38
34
11
7
12
38
1
39
17
19
27
3
1
32
9
8
4
19
17
18
16
0
28
24
7
14
23
6
5
9
33
9
7
1
13
2
4
4
26
9
5
15
26
16
26
13
37
12
5
8
3
33
22
20
0
26
5
3
30
3
20
16
0
7
34
31
6
16
7
27
33
37
34
19
0
6
28
24
6
6
32
3
17
30
31
20
6
29
34
24
2
28
28
10
8
28
10
9
11
1
5
34
26
31
26
18
15
33
23
5
28
5
7
32
5
21
0
0
19
11
6
27
18
14
7
24
13
13
25
27
2
29
31
19
16
7
9
5
14
5
2
4
0
7
9
6
4
0
2
2
19
9
21
30
1
20
39
23
37
13
10
35
9
28
5
8
12
7
2
32
28
35
28
0
24
6
2
39
21
25
9
1
9
28
38
31
9
13
38
15
31
29
24
25
4
17
36
30
16
18
17
2
20
33
6
7
9
7
24
2
24
25
18
30
23
2
7
7
2
34
17
33
12
1
5
7
32
39
1
8
33
14
33
26
7
4
7
30
13
16
10
5
12
5
3
21
6
18
0
30
21
4
32
9
12
16
10
5
6
28
15
0
6
9
20
2
2
9
6
6
14
38
1
3
18
9
16
5
0
14
25
32
0
29
23
9
36
12
6
11
7
18
29
5
38
6
6
11
39
5
10
0
33
37
34
8
24
36
24
17
9
3
30
1
0
29
32
0
17
13
22
4
19
5
5
6
24
18
9
6
21
33
22
17
26
37
9
38
37
6
38
1
24
7
26
15
4
3
0
0
1
18
13
17
32
25
33
1
20
1
38
0
24
16
4
17
22
30
10
12
1
16
0
34
3
2
1
22
4
19
22
6
2
36
37
36
39
25
7
7
5
5
37
22
28
7
37
37
20
38
8
23
7
30
5
6
19
13
0
28
5
9
8
22
3
32
9
19
13
24
8
38
20
3
4
0
37
24
26
37
29
4
30
9
26
15
31
37
34
29
8
6
6
22
13
7
0
18
7
20
39
39
9
18
37
3
12
23
34
7
4
35
34
36
2
1
21
32
19
6
4
31
29
36
9
25
0
8
1
21
30
26
6
9
33
0
8
37
4
5
27
20
25
1
31
14
30
6
6
28
32
8
19
19
32
30
37
12
0
36
22
26
36
17
33
10
8
21
27
5
20
28
8
2
19
3
4
13
6
5
5
12
35
6
39
36
1
39
26
6
1
1
7
36
3
27
5
4
7
27
1
4
32
10
19
7
15
31
27
36
4
13
15
25
18
8
27
15
8
38
13
7
25
29
1
1
26
29
30
10
26
35
5
31
7
32
37
37
13
31
36
27
7
1
3
25
11
22
5
25
6
15
5
32
0
28
32
30
2
3
5
3
6
21
3
23
33
11
30
8
10
31
7
30
14
7
7
36
14
23
13
5
7
6
11
11
3
16
36
31
7
6
12
31
38
24
0
30
21
6
12
2
4
18
9
33
26
29
39
5
39
37
8
3
33
37
27
9
19
32
1
0
20
15
36
12
32
5
36
23
5
8
7
4
0
38
6
7
32
29
5
9
38
0
14
5
39
8
3
8
28
28
2
4
19
9
2
2
0
38
1
7
21
14
6
12
15
22
5
31
11
6
9
22
10
15
37
26
19
35
27
1
24
20
18
15
37
31
17
7
39
23
33
32
5
9
14
27
14
5
10
16
32
21
25
38
1
7
34
38
11
0
28
3
0
6
6
29
18
3
28
0
7
34
39
28
39
37
10
33
14
24
8
10
28
9
36
7
34
4
1
2
22
8
8
10
32
3
12
37
32
36
35
24
6
13
6
31
0
5
18
2
25
23
5
21
23
15
22
20
7
13
9
3
0
28
1
36
16
7
5
0
4
20
3
1
0
27
34
24
23
30
28
15
4
38
1
36
7
22
34
8
17
9
1
10
26
0
13
36
5
17
7
