16
40
0.7
5
3
2
7
7
2
8
8
5
6
14
2
3
5
0
0
5
2
14
11
29
13
9
1
0
7
27
2
5
3
29
9
13
34
17
36
19
28
2
5
21
9
2
9
1
23
4
11
4
34
4
5
17
21
1
4
33
32
29
27
7
19
37
5
31
2
1
24
2
1
7
6
24
6
1
4
15
33
8
1
3
34
4
2
7
0
7
1
3
4
9
38
7
5
5
6
17
2
0
35
1
1
3
1
7
13
7
5
12
12
34
7
36
2
16
3
9
2
0
4
2
9
7
5
32
11
4
1
7
1
13
2
1
9
37
7
1
27
3
8
6
8
1
6
1
4
9
1
17
7
25
1
39
4
5
2
3
9
35
7
0
8
14
0
3
8
2
9
34
1
25
24
26
4
9
28
17
26
9
0
8
7
35
33
6
6
4
3
2
9
36
5
0
7
14
32
7
3
1
35
36
8
0
1
27
0
27
11
29
0
33
5
6
2
1
6
1
27
9
0
6
1
9
7
4
9
32
34
23
15
4
4
5
5
0
2
5
7
9
1
8
28
14
2
0
36
5
33
31
7
28
39
38
8
5
0
2
4
8
9
2
14
8
20
5
1
0
8
27
5
3
8
0
38
8
0
3
0
6
0
9
1
0
4
1
0
3
1
18
28
15
15
2
3
24
1
15
20
35
23
5
6
23
36
20
1
3
8
24
6
21
1
8
1
0
25
2
16
14
4
7
7
26
5
2
1
1
1
29
0
8
6
9
9
5
9
25
3
0
0
4
7
9
5
1
7
4
0
14
1
3
2
5
11
7
22
24
0
1
5
37
0
34
27
0
5
3
4
25
3
7
9
34
7
10
29
8
4
26
4
8
5
12
32
3
1
8
23
10
0
5
5
5
2
9
2
6
6
0
39
9
9
6
5
1
2
7
9
6
2
7
3
15
2
20
1
3
39
8
27
2
18
1
2
2
7
9
20
7
5
5
8
5
22
5
7
8
5
5
6
7
9
7
32
0
0
1
6
24
9
14
1
4
25
5
5
14
30
1
27
5
4
4
20
10
21
17
2
22
8
6
0
12
9
26
35
5
17
8
1
6
6
0
33
5
7
7
6
7
17
20
24
7
1
5
37
0
9
4
7
9
14
3
4
14
0
23
5
6
9
5
37
1
3
19
5
0
3
9
5
9
9
1
4
1
14
39
9
2
5
0
6
9
6
0
2
2
1
2
7
4
8
3
1
23
5
8
0
4
4
8
4
1
6
5
8
2
27
9
8
27
2
25
28
5
4
3
9
0
5
10
3
28
3
1
10
31
6
8
1
9
20
3
4
3
1
20
1
6
5
34
2
8
26
9
8
3
25
27
36
5
6
21
15
4
7
1
10
0
35
9
3
3
0
8
13
6
7
9
4
6
7
4
9
2
23
9
16
6
0
6
38
9
4
2
0
34
0
2
6
2
7
36
6
6
13
9
8
12
0
7
4
0
8
8
6
9
28
8
8
2
1
3
37
5
7
3
9
6
2
8
6
4
38
9
6
4
6
0
3
12
38
5
3
7
1
3
6
4
2
5
7
5
19
37
8
4
3
4
9
3
9
7
9
4
9
8
26
5
21
29
28
8
31
2
7
8
13
5
11
3
2
23
1
8
8
5
1
7
7
4
9
3
9
7
31
0
7
7
39
21
7
0
7
36
12
2
24
24
33
35
4
7
0
11
22
9
21
0
17
0
28
2
3
33
6
9
4
1
1
1
4
5
8
9
20
7
15
1
17
6
5
4
35
7
9
2
13
3
7
2
12
18
21
37
6
8
7
4
34
9
5
1
13
6
5
5
0
4
6
15
1
9
4
29
19
1
38
8
8
6
13
4
8
1
26
7
22
3
6
32
0
2
17
21
7
1
18
8
12
8
5
30
4
27
6
30
20
5
7
23
31
9
6
3
15
24
6
12
5
20
0
3
5
4
0
0
37
8
4
20
9
4
28
7
30
4
3
6
9
6
7
5
7
2
12
9
9
9
2
6
1
5
20
4
13
33
0
9
0
4
2
1
22
29
39
6
29
3
9
0
21
9
21
19
6
3
18
29
4
4
8
13
8
10
4
0
1
9
6
22
16
32
6
3
0
5
26
5
22
30
25
0
23
9
34
11
11
2
6
5
6
35
4
8
2
5
9
9
3
5
4
6
24
39
25
2
4
3
30
6
26
31
37
2
3
11
1
7
21
4
7
8
8
17
7
12
28
12
0
9
0
7
7
4
33
2
6
5
1
