16
120
0.6
97
9
9
87
13
22
118
114
99
77
49
7
20
15
14
63
91
5
29
84
27
9
23
59
28
20
72
10
105
40
56
3
17
76
10
70
11
3
22
12
43
3
25
43
117
18
54
106
37
19
29
16
119
111
26
40
25
0
85
2
17
18
62
18
45
29
2
81
25
60
16
59
66
60
85
35
0
25
2
15
24
35
2
14
9
51
13
17
105
25
26
24
22
26
17
16
94
14
1
4
12
9
102
118
90
11
10
11
27
25
0
76
16
10
100
99
9
3
22
15
51
54
27
27
35
14
29
84
50
28
22
107
13
5
36
11
41
39
15
17
53
12
13
22
67
12
19
13
18
12
4
21
110
21
26
1
9
106
20
17
77
2
23
60
7
25
42
19
1
12
1
23
57
3
24
69
22
20
8
25
56
15
10
10
7
77
81
26
12
116
36
100
60
28
24
22
110
18
29
90
23
29
16
5
26
20
25
20
58
80
11
5
22
29
39
19
11
72
62
69
12
95
92
20
7
54
18
9
10
92
23
18
28
81
5
102
78
16
80
28
9
3
25
24
24
0
81
9
32
8
7
21
16
18
69
12
97
6
4
25
17
85
38
11
5
21
24
100
12
17
4
17
62
74
20
42
99
28
40
2
20
4
27
5
50
38
13
7
62
24
13
10
13
26
89
48
14
6
114
37
73
62
7
15
77
13
34
24
11
23
13
9
15
61
22
66
3
57
6
5
15
74
108
11
25
76
19
5
0
18
103
27
10
25
93
71
12
112
66
15
26
111
90
14
69
18
25
12
4
69
85
15
20
16
115
22
20
71
16
22
7
24
12
59
75
26
106
23
45
78
12
9
40
8
6
19
6
26
39
64
75
10
25
51
13
25
15
28
108
52
8
56
113
79
80
94
5
22
10
108
73
6
37
6
12
10
27
39
12
81
46
1
100
39
17
20
11
5
21
22
14
13
4
18
5
27
100
61
71
84
11
19
86
16
20
110
97
48
4
104
12
60
17
11
26
12
28
34
7
109
29
20
91
6
0
15
14
29
77
27
60
5
77
3
16
14
102
27
96
13
89
0
17
73
20
27
35
60
16
107
26
11
41
82
22
26
39
51
95
4
2
2
91
42
110
0
23
98
77
14
19
14
23
20
1
75
90
75
2
82
75
17
9
18
11
4
6
63
8
41
49
27
86
110
59
21
42
5
19
15
7
27
12
46
57
3
36
20
22
19
2
52
73
1
108
96
12
69
96
24
26
1
21
5
9
15
33
7
70
3
41
21
25
46
99
61
92
11
21
14
32
6
96
7
95
4
118
75
9
12
7
3
26
29
78
28
53
17
85
82
18
18
28
23
20
10
41
54
115
117
49
8
17
23
50
25
3
48
68
25
19
75
29
61
110
79
70
99
15
102
25
101
3
5
91
2
17
9
21
53
21
54
21
95
78
8
7
53
40
17
8
13
81
1
70
12
3
14
103
8
53
76
19
82
118
21
86
14
114
34
86
5
59
1
76
57
32
18
2
1
115
5
110
7
22
28
74
76
13
8
83
21
87
4
28
24
30
23
0
24
21
67
95
28
23
2
29
115
8
27
91
104
13
30
36
107
11
1
9
21
16
16
10
17
28
107
26
44
92
12
26
14
72
15
24
42
103
17
20
74
91
64
79
18
54
93
113
9
12
26
17
12
97
101
9
116
17
27
89
72
8
77
8
117
64
57
17
67
28
24
49
6
19
83
111
15
100
1
1
14
57
114
54
28
6
90
64
6
37
10
22
69
23
11
1
10
57
35
20
43
13
79
77
13
24
4
91
48
44
14
73
16
53
12
113
40
26
94
45
12
49
14
101
33
34
50
42
107
99
29
22
27
13
21
21
29
36
5
76
62
67
20
95
18
5
91
79
87
79
24
1
0
27
11
21
40
101
24
13
11
1
90
66
29
113
23
43
18
72
106
25
10
68
3
104
6
21
92
87
97
26
93
43
5
11
69
19
27
79
25
26
29
4
92
58
112
93
63
15
26
10
27
25
89
28
12
10
27
50
94
54
21
11
80
13
13
42
26
4
17
24
20
70
15
27
37
6
3
16
24
98
7
59
49
18
73
92
2
76
20
29
22
3
11
18
71
93
9
113
11
1
20
116
83
8
32
27
27
27
49
6
88
53
29
11
58
29
46
8
29
36
16
119
0
13
92
115
118
83
17
111
13
16
24
66
81
16
12
19
97
71
103
59
39
22
66
106
109
24
27
59
105
13
3
5
17
46
45
109
21
