8
40
0.5
0
2
3
0
4
6
20
14
2
6
2
35
3
4
3
9
2
34
0
6
2
1
12
6
9
23
6
6
4
35
6
2
13
9
5
7
9
6
8
3
3
12
38
23
18
14
5
35
7
39
3
30
1
28
38
37
12
11
10
24
27
2
5
11
0
8
5
13
3
6
7
3
1
32
3
23
19
9
25
14
4
24
30
12
8
4
31
8
3
21
16
5
2
12
19
9
16
7
38
7
6
4
7
38
1
30
18
7
7
0
27
21
3
17
11
16
14
7
37
38
2
13
15
2
5
24
28
7
19
11
32
5
24
2
15
19
38
23
4
8
0
22
39
37
39
7
1
13
24
13
6
0
28
17
28
22
9
3
3
29
15
5
8
2
5
6
8
4
14
36
11
9
7
28
2
29
28
2
24
9
5
6
5
22
38
6
12
28
38
27
5
3
7
6
7
1
26
5
4
5
14
20
3
11
8
1
8
23
16
34
20
6
5
2
16
28
38
7
34
37
4
14
23
0
2
16
13
2
8
3
2
35
20
5
18
16
14
39
8
30
24
5
36
1
1
16
30
25
38
7
0
8
21
0
25
22
1
38
1
17
2
28
1
11
15
35
31
12
11
1
13
8
37
9
0
19
6
7
8
29
7
27
7
7
15
3
4
31
12
9
38
33
15
5
38
30
1
36
20
4
15
4
12
35
7
0
7
17
30
30
21
33
7
0
33
27
2
12
1
9
16
11
7
39
3
9
17
34
7
12
7
6
4
23
3
9
1
18
7
8
7
5
6
22
35
26
0
38
9
5
37
24
37
34
22
1
6
32
21
5
6
17
6
5
0
29
7
35
36
19
34
2
29
8
11
3
30
6
4
0
13
15
22
30
9
5
12
0
33
34
5
22
5
10
3
20
6
6
32
5
9
29
6
32
1
30
6
1
4
3
28
16
8
28
28
2
4
15
30
34
39
20
8
15
25
20
30
34
3
6
38
31
0
0
1
30
3
12
4
31
11
14
4
1
1
30
37
38
0
6
2
39
21
19
17
1
5
17
0
4
32
17
24
2
9
38
9
5
3
8
5
36
13
36
36
5
34
4
13
9
7
5
8
22
26
1
31
7
12
12
17
36
7
31
36
9
2
19
11
16
8
9
34
37
9
32
35
9
32
21
27
28
2
22
29
7
1
12
1
0
30
2
9
38
36
6
17
6
33
36
20
28
19
35
13
37
7
32
22
8
34
11
0
7
29
5
10
6
2
39
5
4
2
28
1
28
2
26
0
1
16
33
12
13
0
4
23
24
4
13
8
4
10
28
35
17
5
17
4
10
12
5
8
10
0
14
37
8
21
0
5
34
4
11
24
2
2
22
7
17
7
35
6
1
22
3
36
32
15
31
5
28
21
0
10
38
27
22
25
13
28
11
16
6
19
17
1
11
31
22
16
21
2
3
17
12
15
3
28
9
25
3
1
19
16
7
2
22
8
39
4
34
33
24
23
1
0
9
31
31
25
2
36
0
28
9
30
25
27
28
1
2
0
1
5
18
10
27
31
35
17
15
4
36
22
24
1
32
7
1
3
11
20
31
1
0
16
16
0
29
2
0
16
3
0
5
9
6
7
4
9
26
5
4
26
3
7
29
9
24
11
9
2
13
39
35
28
3
24
7
9
9
32
9
3
29
24
30
17
9
6
14
24
1
11
8
1
6
8
5
0
20
5
0
0
6
16
34
35
24
36
7
37
31
1
38
5
36
38
1
4
7
32
18
2
21
5
36
12
5
17
17
5
34
1
2
35
5
33
36
9
2
7
17
19
6
7
4
8
24
9
5
39
1
3
22
1
1
20
30
19
23
6
11
15
5
17
0
0
28
25
30
0
11
31
34
6
2
38
5
7
21
36
4
32
13
26
18
33
27
3
29
4
31
2
32
27
35
3
10
20
9
18
8
6
30
2
1
37
30
32
30
0
3
7
37
0
3
8
19
31
15
1
1
4
27
21
3
13
11
19
5
15
20
13
27
7
29
0
24
5
8
22
15
7
22
6
0
27
6
4
3
0
27
8
6
31
5
12
4
12
15
6
19
2
14
2
14
5
7
9
2
26
18
27
9
2
34
24
17
30
4
2
37
1
9
1
8
18
30
3
36
28
5
9
5
32
5
8
3
29
30
0
25
21
5
3
28
29
1
0
18
13
16
31
11
39
26
30
7
28
6
12
20
33
1
5
11
28
0
26
2
12
23
26
23
0
30
3
28
9
8
16
12
19
2
2
26
6
2
