8
60
0.6
14
10
8
2
50
8
7
0
9
1
26
1
56
24
9
6
8
7
43
57
3
3
6
5
9
5
9
11
36
7
14
7
2
0
6
36
4
3
15
17
8
11
21
19
14
4
11
51
37
8
3
3
43
34
7
5
28
44
7
11
0
35
50
38
13
31
17
12
58
59
3
19
7
4
8
27
0
43
12
10
11
30
58
4
49
9
39
9
10
1
14
22
13
9
6
8
18
33
24
8
8
5
4
42
5
12
4
12
44
22
0
0
6
49
4
14
3
35
48
7
44
0
4
45
9
19
3
10
14
7
4
5
17
9
2
45
12
51
4
1
9
42
7
46
50
6
8
2
15
35
35
8
41
13
25
45
11
11
12
5
45
8
11
9
8
0
3
2
13
49
5
11
45
7
14
42
12
13
45
49
9
58
43
11
13
30
10
30
5
6
9
48
13
6
13
0
9
40
38
49
26
8
36
12
11
29
1
47
10
1
4
9
0
3
5
23
41
6
0
9
53
44
2
5
25
10
16
54
12
2
11
13
1
4
10
36
55
5
21
0
3
2
44
12
52
29
4
32
11
4
14
31
21
0
14
5
46
8
6
2
29
9
35
12
6
4
27
4
6
0
5
8
9
47
0
34
17
33
8
24
26
10
8
21
7
21
12
8
6
4
36
30
31
56
8
51
42
7
7
5
12
36
42
45
52
34
3
9
42
8
47
55
14
6
30
8
11
6
4
34
0
14
37
9
52
50
25
12
0
57
58
14
13
14
15
10
1
48
18
54
10
50
50
18
36
53
4
1
4
33
40
0
30
6
17
56
47
0
13
13
7
22
5
13
44
54
25
2
7
1
18
10
8
4
38
12
11
11
49
1
0
10
7
2
9
9
9
10
49
44
2
14
12
22
13
7
39
7
21
58
43
50
53
13
11
24
0
12
7
31
56
0
31
13
8
31
40
4
23
5
13
40
29
18
6
5
10
38
2
27
33
1
53
2
10
8
14
12
24
1
8
4
2
3
7
12
4
0
3
4
6
54
12
55
9
20
48
45
8
4
11
12
56
57
1
7
1
1
4
10
37
27
11
12
45
4
1
5
38
3
20
34
48
26
36
13
21
2
11
9
5
9
49
13
4
1
2
2
25
1
57
25
1
8
4
9
2
44
10
40
31
13
5
9
31
2
44
1
14
32
9
23
8
1
26
5
9
9
36
41
43
9
45
5
11
52
3
1
17
0
29
11
6
13
6
11
20
2
36
14
1
59
26
0
12
46
39
34
11
13
6
4
41
18
4
0
25
36
14
1
5
20
58
6
5
13
42
17
13
48
14
8
10
33
8
30
8
3
10
7
52
10
14
13
45
4
34
38
46
9
14
21
13
59
2
33
10
8
7
44
2
32
36
14
41
24
4
1
26
2
23
22
20
4
3
28
5
39
10
6
36
20
2
41
2
11
8
48
12
35
37
14
38
6
6
11
2
3
8
49
4
8
1
7
2
4
58
34
8
8
7
45
6
7
7
27
35
12
4
12
24
2
39
8
3
3
39
9
6
36
58
10
4
30
15
12
8
0
0
39
59
9
6
6
7
0
37
56
12
12
10
7
3
29
6
33
9
2
10
12
13
28
10
58
47
26
31
13
7
22
19
20
54
6
54
6
28
54
10
14
4
11
44
13
4
8
35
39
0
11
26
55
59
30
11
5
29
11
0
11
57
16
13
56
35
7
40
42
10
57
4
8
7
13
29
39
13
39
13
6
48
6
8
13
7
8
30
7
11
21
10
0
47
7
20
0
35
43
0
7
1
59
9
12
4
14
7
41
40
23
7
12
14
14
10
4
26
29
11
13
23
10
11
49
9
3
41
14
43
7
1
1
5
10
11
9
1
13
31
38
1
7
1
12
2
0
11
0
7
30
9
55
41
7
32
35
1
3
0
35
4
31
37
12
12
45
12
11
11
2
10
5
2
7
3
14
10
9
36
9
10
12
10
47
35
9
6
23
11
8
7
11
0
2
7
11
6
6
51
15
39
10
44
12
59
11
6
3
4
15
13
1
42
33
0
8
28
1
12
8
13
11
15
8
50
8
26
36
11
6
58
57
4
13
3
13
9
11
14
14
40
8
46
2
4
25
12
8
3
14
0
13
1
2
54
15
55
15
4
2
12
4
4
4
6
9
53
38
11
31
2
21
7
14
12
16
5
14
53
13
26
3
43
14
10
56
6
11
4
11
5
42
37
38
23
9
53
6
10
18
56
11
22
1
24
3
58
41
9
11
