4
40
0.5
9
39
10
2
12
26
34
5
28
28
12
39
4
2
8
4
5
8
8
29
6
32
4
2
6
39
30
12
12
34
4
3
25
6
2
33
24
9
28
9
38
15
0
0
28
1
1
36
9
11
0
36
34
23
3
8
2
24
30
2
8
33
24
9
32
19
7
6
3
1
2
14
5
5
6
8
0
36
25
6
13
27
34
21
6
7
34
14
8
30
39
5
8
16
32
2
24
29
3
12
35
4
15
6
39
27
29
10
9
33
6
31
5
25
10
24
1
8
2
4
0
20
18
33
8
6
0
7
30
8
13
6
0
3
24
31
7
8
29
8
12
32
8
8
23
0
9
23
9
15
6
8
19
8
11
25
15
7
5
19
4
12
5
25
1
5
4
16
11
16
0
2
4
28
8
4
25
15
2
1
0
0
23
24
0
5
27
3
22
9
9
29
37
1
3
3
27
21
0
38
2
7
0
33
24
7
7
13
12
2
9
5
4
1
21
4
22
34
0
6
5
7
4
32
3
29
32
18
32
2
26
1
12
28
35
31
9
3
3
10
15
20
14
36
4
0
36
7
6
9
5
39
9
25
30
26
2
0
15
2
20
17
35
12
8
17
3
38
1
18
6
4
25
39
7
35
2
32
34
6
7
9
9
6
4
0
37
4
21
8
29
5
18
6
20
31
3
4
23
3
32
5
25
26
25
25
38
6
30
0
6
3
38
4
16
1
24
8
9
33
5
15
26
20
6
3
1
0
30
0
15
17
0
6
19
5
20
7
3
27
22
24
5
2
1
4
19
37
35
8
2
20
0
3
34
21
8
30
8
5
28
4
21
16
6
17
11
20
9
19
0
7
35
4
0
29
6
26
12
6
9
7
7
11
3
20
8
2
5
5
30
10
22
1
0
17
14
29
19
22
2
5
36
22
16
8
6
22
29
1
24
8
31
9
2
18
2
5
5
11
34
22
30
9
0
19
0
26
0
3
4
8
30
6
9
31
28
8
4
3
20
38
6
26
33
23
16
26
37
35
30
9
0
3
5
11
37
2
28
10
18
6
27
1
35
3
18
9
10
1
1
5
17
7
27
27
3
0
33
9
38
33
2
5
12
9
28
29
2
0
8
30
6
9
22
6
1
5
18
19
3
3
21
19
10
6
6
3
4
21
9
34
4
25
11
7
0
6
1
5
34
7
15
19
4
31
27
15
10
31
13
21
19
14
4
4
4
38
18
1
4
7
3
0
30
5
7
0
33
2
15
14
2
5
13
9
33
22
4
25
29
20
28
26
34
1
6
35
4
1
14
36
36
26
30
35
8
25
20
35
3
34
25
22
7
24
4
22
22
26
3
36
4
33
4
31
30
7
7
0
5
11
13
23
32
6
3
0
15
16
9
5
22
25
35
12
24
31
14
36
15
10
3
4
34
24
7
6
6
29
38
26
17
39
3
3
39
3
26
0
35
26
17
24
3
8
35
2
19
32
27
18
2
5
4
1
13
27
8
6
34
20
8
32
4
3
2
1
2
15
6
27
4
9
31
0
8
7
0
0
38
33
17
11
1
18
29
6
9
26
5
38
12
29
3
14
24
1
6
2
17
19
8
14
14
7
7
6
5
2
36
1
9
27
15
24
31
26
36
22
36
6
29
5
28
16
15
10
9
8
6
9
20
5
19
36
35
37
4
28
25
39
9
36
36
8
29
2
20
38
1
1
35
24
35
2
7
1
0
8
0
1
30
25
0
31
16
23
0
27
14
6
4
35
31
5
14
5
3
0
7
2
19
12
32
4
7
5
9
19
8
9
1
19
33
17
5
8
8
3
0
21
31
2
37
20
7
17
13
10
4
15
1
31
24
28
37
19
7
18
12
3
20
0
3
3
2
3
2
39
5
5
32
1
1
4
1
2
33
31
1
35
29
34
2
8
7
38
32
35
23
30
0
23
5
4
2
5
0
3
5
2
30
1
38
3
27
38
1
39
5
9
32
7
9
8
19
27
24
5
12
17
2
3
12
7
28
19
7
9
26
21
8
9
37
6
1
35
37
2
6
3
11
3
3
12
12
12
0
15
9
29
9
6
35
4
8
0
33
3
6
12
26
2
26
27
9
5
35
10
2
5
4
39
20
7
4
3
16
1
0
5
36
7
36
7
30
29
21
1
25
8
11
15
6
26
2
8
35
9
1
6
6
9
39
7
33
5
8
5
1
8
0
8
11
20
27
2
25
16
37
26
25
0
37
13
38
1
6
31
7
21
3
17
4
13
30
4
38
5
