4
120
0.6
5
104
12
1
27
17
7
3
4
87
2
26
26
73
16
27
7
21
20
10
69
76
96
23
20
63
44
110
26
2
7
10
98
43
3
18
7
18
28
23
8
14
20
17
36
56
17
7
116
28
17
24
23
7
103
25
26
28
8
36
35
105
11
37
27
9
72
7
94
15
38
15
6
39
67
16
21
28
23
13
24
13
24
11
19
66
37
66
2
72
15
37
56
20
47
91
14
65
88
37
16
4
74
28
3
20
85
2
88
11
6
18
67
5
18
25
103
114
93
69
24
88
29
87
104
17
1
22
88
1
27
17
8
108
5
3
93
50
6
66
102
30
3
71
7
9
61
67
26
37
2
90
23
100
12
82
78
23
18
20
27
117
20
27
26
6
10
30
9
54
22
43
53
47
28
96
21
113
12
68
61
118
24
2
99
12
4
71
29
7
22
9
53
63
12
92
21
8
80
6
30
50
11
27
8
26
79
114
36
10
10
101
93
5
23
13
23
22
46
33
62
5
17
64
2
84
24
8
16
12
83
59
14
32
27
22
57
0
113
90
17
23
119
17
63
40
6
24
1
9
5
25
18
21
19
1
51
20
20
15
95
87
16
15
7
18
111
23
31
5
14
8
14
26
52
13
21
23
19
42
33
65
16
21
70
51
20
13
39
93
3
40
29
47
26
40
13
15
18
20
11
1
28
12
1
6
10
8
6
37
119
92
13
17
12
7
9
36
27
52
17
83
14
49
91
3
15
33
5
9
2
5
18
115
76
11
17
101
22
20
9
77
78
21
11
9
96
13
75
114
116
45
44
65
10
30
20
20
87
11
6
4
3
18
10
11
21
107
74
20
50
15
17
87
32
24
5
13
6
48
4
15
25
15
111
117
21
41
77
38
0
29
57
13
62
15
70
16
80
11
7
11
111
10
22
80
90
18
86
20
12
22
7
28
1
18
74
14
105
9
57
103
103
109
29
4
10
36
8
28
16
25
15
16
7
47
17
79
44
8
26
7
24
9
20
12
19
15
56
107
11
25
104
8
22
27
97
77
13
19
84
23
22
0
42
10
43
100
4
15
94
27
74
7
23
18
10
80
41
65
63
13
13
4
17
54
2
46
2
15
29
12
17
18
94
39
41
45
26
54
87
17
3
8
16
64
77
63
119
46
85
4
14
73
79
6
101
17
85
20
10
65
6
22
27
24
17
58
22
114
49
95
15
80
94
45
86
9
63
100
72
19
103
26
4
16
91
57
12
14
22
90
34
44
11
108
24
38
3
57
78
105
11
88
16
16
75
33
22
59
77
5
85
14
35
13
20
7
10
8
6
48
16
11
18
5
101
59
29
4
21
23
61
22
5
14
22
10
3
14
85
99
8
13
10
23
10
0
47
19
83
58
100
18
23
13
19
21
92
15
23
0
14
29
61
23
112
46
77
46
25
101
12
86
119
20
18
119
9
84
20
23
1
57
78
17
23
14
96
11
14
7
41
21
45
8
1
105
14
22
17
1
97
14
29
1
35
16
82
43
11
77
118
60
25
13
102
19
95
15
96
95
89
8
17
24
9
19
12
4
12
21
38
9
17
106
25
109
1
28
77
86
21
0
26
28
27
24
102
71
16
19
17
22
106
22
12
25
6
47
98
22
106
99
18
58
109
66
4
5
20
15
26
79
50
92
32
27
21
21
21
9
26
16
13
14
24
27
16
115
114
21
112
2
89
4
46
23
0
77
106
23
24
40
63
63
19
5
4
20
68
15
20
23
9
112
92
69
17
13
88
53
65
5
5
72
11
7
9
64
43
113
16
100
84
12
27
67
18
77
26
11
118
105
25
36
4
2
30
45
65
2
5
86
62
13
10
20
9
48
37
10
63
6
89
39
10
13
92
64
16
24
28
54
34
63
71
96
20
16
9
105
21
6
12
119
75
70
23
66
76
10
1
27
84
61
12
0
21
118
54
107
104
19
4
12
38
7
21
41
37
13
108
94
9
8
10
30
67
37
14
26
25
94
69
26
22
56
27
89
19
8
75
27
100
23
62
2
11
82
0
25
13
42
10
94
10
64
118
76
87
76
115
12
0
20
0
3
91
71
33
84
70
69
19
16
92
13
79
11
1
3
108
14
25
94
20
27
50
24
38
40
21
23
67
22
16
69
8
46
6
52
90
10
22
1
9
63
106
2
111
21
2
80
112
109
69
16
63
42
25
17
12
20
5
63
98
101
115
71
9
22
6
18
17
26
83
20
19
26
16
25
23
11
13
61
31
110
59
99
