8
40
0.7
11
9
0
7
35
25
15
2
18
3
5
2
6
1
3
2
6
8
13
1
34
4
1
2
1
0
4
4
13
13
4
0
0
17
4
9
38
2
30
33
20
3
8
33
11
7
8
3
2
0
2
8
38
2
5
11
4
25
4
17
7
12
1
0
32
4
33
9
5
6
34
7
0
2
3
0
3
8
17
8
30
37
18
1
4
1
13
7
9
8
0
9
8
2
0
4
39
4
34
2
10
7
18
39
6
4
9
6
8
0
9
1
2
4
38
5
5
31
3
4
9
13
2
5
15
5
2
6
9
31
36
7
16
6
3
7
32
7
8
7
7
6
6
9
3
9
32
0
19
5
2
32
5
2
3
13
38
22
6
5
31
8
14
4
3
2
36
20
20
9
21
36
35
0
31
4
7
3
9
3
7
37
5
7
8
9
6
2
2
1
5
1
31
5
20
15
33
32
3
7
35
9
10
2
3
2
0
2
1
9
3
8
6
9
3
20
8
38
12
21
21
30
2
4
2
9
1
6
6
19
7
8
0
7
7
4
4
7
4
4
23
35
8
3
38
4
7
7
4
35
21
7
9
6
13
39
2
5
8
23
3
3
8
2
2
7
6
32
36
5
0
5
9
2
9
7
3
3
3
0
5
2
1
4
6
21
38
21
3
34
7
2
7
2
3
8
1
3
2
7
0
14
1
37
39
24
9
2
7
3
21
8
9
6
8
19
4
16
6
26
0
0
9
5
2
6
1
37
1
16
3
1
3
5
2
9
2
1
2
1
8
2
12
25
7
5
6
2
35
13
18
38
5
5
3
1
9
25
5
2
9
4
3
8
37
4
1
2
9
6
0
3
6
5
18
1
36
6
9
39
3
13
4
0
38
4
35
24
4
39
1
13
14
3
7
7
26
2
0
23
2
39
3
7
1
2
6
6
4
5
33
16
9
8
8
1
1
9
20
25
7
20
27
3
6
6
9
14
13
33
3
21
8
1
2
7
21
7
35
5
7
11
3
5
9
2
6
5
8
0
6
9
32
22
4
3
2
2
3
5
3
7
8
15
12
5
9
1
6
1
2
4
1
15
8
7
3
8
3
3
9
39
6
0
39
1
11
0
2
6
3
7
36
5
37
39
4
5
24
13
5
14
1
6
1
9
23
26
2
25
12
8
1
8
17
8
28
13
7
0
8
9
22
33
19
2
1
4
9
4
1
18
29
9
38
4
32
6
4
8
23
7
0
1
9
13
3
9
6
9
35
5
31
14
15
1
17
8
6
1
1
1
0
7
9
30
8
34
9
8
1
3
1
24
17
31
1
9
1
8
7
0
26
6
5
3
3
31
18
0
2
25
1
6
32
1
5
36
15
0
1
23
0
5
0
4
0
7
4
1
7
5
4
1
1
7
7
37
6
6
1
2
35
7
6
31
7
7
2
0
15
1
9
21
9
2
28
6
4
33
29
2
7
21
0
21
10
25
25
7
14
6
6
2
3
39
7
0
34
1
7
3
2
1
26
2
30
3
7
1
37
4
7
2
5
9
7
24
5
9
39
21
14
8
26
1
1
16
4
6
9
7
4
6
8
3
18
6
18
1
12
2
5
25
6
3
15
1
7
37
2
0
1
0
11
8
0
23
9
19
15
9
20
4
37
8
30
34
9
0
14
9
8
4
2
39
7
1
6
21
0
3
38
32
38
5
28
8
2
2
6
4
1
0
5
1
3
26
3
9
9
33
9
33
11
4
3
2
4
1
4
22
5
5
20
30
2
4
9
6
32
0
2
2
3
26
3
8
3
17
9
16
39
1
27
4
2
2
9
5
2
5
2
6
3
5
26
23
0
9
3
5
1
9
9
0
3
29
9
34
9
4
6
2
3
4
23
6
0
1
0
39
18
9
16
6
2
2
9
29
1
0
7
24
3
5
3
27
5
2
37
8
37
5
8
8
31
37
17
0
6
6
1
26
31
0
7
8
25
14
0
7
23
3
0
1
7
15
1
2
22
8
1
5
3
9
18
1
6
12
0
15
1
10
7
8
0
2
37
0
0
31
30
2
14
7
13
34
37
5
4
13
9
6
11
4
0
8
0
24
10
2
5
4
20
3
15
7
2
20
9
29
3
8
1
7
3
4
34
5
8
4
7
8
0
5
25
7
4
0
4
3
24
0
6
4
1
6
22
7
6
4
8
31
5
6
0
9
3
35
8
0
9
34
7
8
7
3
37
6
7
6
2
9
2
0
9
24
17
0
25
4
8
4
8
0
2
7
3
2
